 765.01100  1.666000E-20
 765.02583  3.949000E-20
 765.04067  6.211000E-20
 765.05550  5.731000E-20
 765.07034  5.509000E-20
 765.08517  5.005000E-20
 765.10001  3.870000E-20
 765.11484  3.321000E-20
 765.12968  3.080000E-20
 765.14451  2.577000E-20
 765.15935  2.301000E-20
 765.17418  2.807000E-20
 765.18901  2.758000E-20
 765.20385  2.659000E-20
 765.21868  3.257000E-20
 765.23352  4.057000E-20
 765.24835  4.245000E-20
 765.26319  4.953000E-20
 765.27802  7.527000E-20
 765.29286  8.605000E-20
 765.30769  7.098000E-20
 765.32252  5.226000E-20
 765.33736  3.082000E-20
 765.35219  2.023000E-20
 765.36703  1.805000E-20
 765.38186  1.899000E-20
 765.39670  1.763000E-20
 765.41153  1.810000E-20
 765.42637  1.915000E-20
 765.44120  1.836000E-20
 765.45604  1.824000E-20
 765.47087  2.424000E-20
 765.48570  3.181000E-20
 765.50054  3.624000E-20
 765.51537  5.782000E-20
 765.53021  9.561000E-20
 765.54504  1.049000E-19
 765.55988  8.374000E-20
 765.57471  5.551000E-20
 765.58955  3.624000E-20
 765.60438  2.696000E-20
 765.61921  2.482000E-20
 765.63405  2.260000E-20
 765.64888  2.333000E-20
 765.66372  2.559000E-20
 765.67855  2.154000E-20
 765.69339  1.598000E-20
 765.70822  1.441000E-20
 765.72306  1.739000E-20
 765.73789  2.082000E-20
 765.75273  3.219000E-20
 765.76756  7.118000E-20
 765.78239  1.151000E-19
 765.79723  1.059000E-19
 765.81206  6.423000E-20
 765.82690  3.721000E-20
 765.84173  2.708000E-20
 765.85657  2.144000E-20
 765.87140  1.887000E-20
 765.88624  2.029000E-20
 765.90107  2.808000E-20
 765.91591  2.808000E-20
 765.93074  3.270000E-20
 765.94557  2.955000E-20
 765.96041  3.462000E-20
 765.97524  3.677000E-20
 765.99008  3.265000E-20
 766.00491  5.176000E-20
 766.01975  1.128000E-19
 766.03458  1.357000E-19
 766.04942  9.038000E-20
 766.06425  4.992000E-20
 766.07908  3.510000E-20
 766.09392  3.510000E-20
 766.10875  1.608000E-20
 766.12359  1.485000E-20
 766.13842  1.731000E-20
 766.15326  2.172000E-20
 766.16809  2.320000E-20
 766.18293  2.214000E-20
 766.19776  2.595000E-20
 766.21260  3.213000E-20
 766.22743  3.228000E-20
 766.24226  3.589000E-20
 766.25710  8.642000E-20
 766.27193  1.433000E-19
 766.28677  1.120000E-19
 766.30160  6.083000E-20
 766.31644  4.676000E-20
 766.33127  3.975000E-20
 766.34611  3.001000E-20
 766.36094  2.108000E-20
 766.37577  2.108000E-20
 766.39061  2.306000E-20
 766.40544  2.623000E-20
 766.42028  2.444000E-20
 766.43511  2.674000E-20
 766.44995  3.476000E-20
 766.46478  4.212000E-20
 766.47962  4.773000E-20
 766.49445  8.062000E-20
 766.50929  1.493000E-19
 766.52412  1.569000E-19
 766.53895  9.135000E-20
 766.55379  5.247000E-20
 766.56862  3.743000E-20
 766.58346  2.867000E-20
 766.59829  2.594000E-20
 766.61313  2.639000E-20
 766.62796  2.711000E-20
 766.64280  2.695000E-20
 766.65763  2.286000E-20
 766.67246  1.885000E-20
 766.68730  2.101000E-20
 766.70213  2.948000E-20
 766.71697  3.692000E-20
 766.73180  6.408000E-20
 766.74664  1.265000E-19
 766.76147  1.653000E-19
 766.77631  1.230000E-19
 766.79114  7.152000E-20
 766.80598  4.727000E-20
 766.82081  3.454000E-20
 766.83564  2.947000E-20
 766.85048  3.091000E-20
 766.86531  3.263000E-20
 766.88015  3.682000E-20
 766.89498  3.593000E-20
 766.90982  3.201000E-20
 766.92465  2.696000E-20
 766.93949  2.501000E-20
 766.95432  3.097000E-20
 766.96916  4.582000E-20
 766.98399  8.905000E-20
 766.99882  1.437000E-19
 767.01366  1.436000E-19
 767.02849  9.081000E-20
 767.04333  5.295000E-20
 767.05816  3.261000E-20
 767.07300  2.221000E-20
 767.08783  1.629000E-20
 767.10267  1.816000E-20
 767.11750  2.699000E-20
 767.13233  3.775000E-20
 767.14717  3.936000E-20
 767.16200  3.708000E-20
 767.17684  3.918000E-20
 767.19167  4.774000E-20
 767.20651  6.392000E-20
 767.22134  9.491000E-20
 767.23618  1.311000E-19
 767.25101  1.579000E-19
 767.26585  1.300000E-19
 767.28068  8.259000E-20
 767.29551  5.989000E-20
 767.31035  4.515000E-20
 767.32518  3.132000E-20
 767.34002  2.294000E-20
 767.35485  2.368000E-20
 767.36969  3.117000E-20
 767.38452  3.171000E-20
 767.39936  2.724000E-20
 767.41419  2.727000E-20
 767.42902  3.437000E-20
 767.44386  5.255000E-20
 767.45869  8.049000E-20
 767.47353  9.710000E-20
 767.48836  1.376000E-19
 767.50320  1.547000E-19
 767.51803  1.036000E-19
 767.53287  6.423000E-20
 767.54770  4.621000E-20
 767.56254  3.947000E-20
 767.57737  3.877000E-20
 767.59220  4.119000E-20
 767.60704  4.632000E-20
 767.62187  4.837000E-20
 767.63671  4.193000E-20
 767.65154  3.623000E-20
 767.66638  4.283000E-20
 767.68121  6.823000E-20
 767.69605  9.423000E-20
 767.71088  9.118000E-20
 767.72572  1.116000E-19
 767.74055  1.608000E-19
 767.75538  1.236000E-19
 767.77022  6.012000E-20
 767.78505  3.410000E-20
 767.79989  2.446000E-20
 767.81472  2.133000E-20
 767.82956  2.591000E-20
 767.84439  3.940000E-20
 767.85923  4.606000E-20
 767.87406  3.700000E-20
 767.88889  3.202000E-20
 767.90373  3.710000E-20
 767.91856  6.808000E-20
 767.93340  1.085000E-19
 767.94823  1.004000E-19
 767.96307  1.020000E-19
 767.97790  1.658000E-19
 767.99274  1.744000E-19
 768.00757  1.075000E-19
 768.02241  6.060000E-20
 768.03724  3.866000E-20
 768.05207  2.891000E-20
 768.06691  2.742000E-20
 768.08174  3.746000E-20
 768.09658  4.728000E-20
 768.11141  4.646000E-20
 768.12625  3.819000E-20
 768.14108  3.781000E-20
 768.15592  6.746000E-20
 768.17075  1.040000E-19
 768.18558  8.786000E-20
 768.20042  7.214000E-20
 768.21525  1.288000E-19
 768.23009  1.840000E-19
 768.24492  1.366000E-19
 768.25976  7.311000E-20
 768.27459  4.638000E-20
 768.28943  3.585000E-20
 768.30426  3.624000E-20
 768.31910  4.371000E-20
 768.33393  5.048000E-20
 768.34876  5.060000E-20
 768.36360  4.419000E-20
 768.37843  4.697000E-20
 768.39327  7.860000E-20
 768.40810  1.146000E-19
 768.42294  9.216000E-20
 768.43777  6.554000E-20
 768.45261  9.953000E-20
 768.46744  1.806000E-19
 768.48227  1.732000E-19
 768.49711  9.724000E-20
 768.51194  5.658000E-20
 768.52678  3.827000E-20
 768.54161  3.557000E-20
 768.55645  4.191000E-20
 768.57128  5.196000E-20
 768.58612  4.952000E-20
 768.60095  4.033000E-20
 768.61579  4.245000E-20
 768.63062  7.933000E-20
 768.64545  1.172000E-19
 768.66029  9.792000E-20
 768.67512  6.939000E-20
 768.68996  6.939000E-20
 768.70479  1.561000E-19
 768.71963  1.946000E-19
 768.73446  1.253000E-19
 768.74930  6.994000E-20
 768.76413  5.080000E-20
 768.77897  4.930000E-20
 768.79380  4.989000E-20
 768.80863  5.457000E-20
 768.82347  5.105000E-20
 768.83830  4.187000E-20
 768.85314  4.478000E-20
 768.86797  8.445000E-20
 768.88281  1.140000E-19
 768.89764  9.121000E-20
 768.91248  6.413000E-20
 768.92731  6.854000E-20
 768.94214  1.356000E-19
 768.95698  2.112000E-19
 768.97181  1.622000E-19
 768.98665  8.644000E-20
 769.00148  5.363000E-20
 769.01632  4.467000E-20
 769.03115  4.601000E-20
 769.04599  5.368000E-20
 769.06082  5.613000E-20
 769.07566  4.775000E-20
 769.09049  4.992000E-20
 769.10532  8.847000E-20
 769.12016  1.068000E-19
 769.13499  7.935000E-20
 769.14983  5.166000E-20
 769.16466  4.897000E-20
 769.17950  1.041000E-19
 769.19433  2.123000E-19
 769.20917  2.131000E-19
 769.22400  1.257000E-19
 769.23883  7.151000E-20
 769.25367  5.273000E-20
 769.26850  5.037000E-20
 769.28334  5.527000E-20
 769.29817  5.934000E-20
 769.31301  5.786000E-20
 769.32784  7.309000E-20
 769.34268  1.151000E-19
 769.35751  1.144000E-19
 769.37235  7.619000E-20
 769.38718  5.278000E-20
 769.40201  3.943000E-20
 769.41685  6.457000E-20
 769.43168  1.700000E-19
 769.44652  2.269000E-19
 769.46135  1.468000E-19
 769.47619  7.670000E-20
 769.49102  5.570000E-20
 769.50586  4.875000E-20
 769.52069  4.771000E-20
 769.53553  5.371000E-20
 769.55036  5.609000E-20
 769.56519  8.186000E-20
 769.58003  1.285000E-19
 769.59486  1.204000E-19
 769.60970  8.399000E-20
 769.62453  6.783000E-20
 769.63937  5.800000E-20
 769.65420  7.260000E-20
 769.66904  1.600000E-19
 769.68387  2.504000E-19
 769.69870  1.912000E-19
 769.71354  1.035000E-19
 769.72837  6.642000E-20
 769.74321  5.689000E-20
 769.75804  5.325000E-20
 769.77288  5.429000E-20
 769.78771  5.368000E-20
 769.80255  8.231000E-20
 769.81738  1.182000E-19
 769.83222  9.741000E-20
 769.84705  6.506000E-20
 769.86188  5.432000E-20
 769.87672  4.943000E-20
 769.89155  6.276000E-20
 769.90639  1.374000E-19
 769.92122  2.536000E-19
 769.93606  2.290000E-19
 769.95089  1.254000E-19
 769.96573  7.241000E-20
 769.98056  5.892000E-20
 769.99539  5.831000E-20
 770.01023  6.440000E-20
 770.02506  7.760000E-20
 770.03990  1.179000E-19
 770.05473  1.376000E-19
 770.06957  9.182000E-20
 770.08440  5.588000E-20
 770.09924  5.090000E-20
 770.11407  4.696000E-20
 770.12891  5.181000E-20
 770.14374  1.045000E-19
 770.15857  2.279000E-19
 770.17341  2.442000E-19
 770.18824  1.361000E-19
 770.20308  7.084000E-20
 770.21791  4.936000E-20
 770.23275  3.902000E-20
 770.24758  4.581000E-20
 770.26242  7.647000E-20
 770.27725  1.320000E-19
 770.29208  1.374000E-19
 770.30692  8.293000E-20
 770.32175  5.711000E-20
 770.33659  6.230000E-20
 770.35142  6.172000E-20
 770.36626  5.720000E-20
 770.38109  9.798000E-20
 770.39593  2.277000E-19
 770.41076  2.940000E-19
 770.42560  1.921000E-19
 770.44043  1.019000E-19
 770.45526  6.584000E-20
 770.47010  4.963000E-20
 770.48493  5.225000E-20
 770.49977  9.040000E-20
 770.51460  1.374000E-19
 770.52944  1.165000E-19
 770.54427  6.092000E-20
 770.55911  6.092000E-20
 770.57394  5.781000E-20
 770.58878  6.013000E-20
 770.60361  5.218000E-20
 770.61844  7.213000E-20
 770.63328  1.835000E-19
 770.64811  2.891000E-19
 770.66295  2.171000E-19
 770.67778  1.184000E-19
 770.69262  7.834000E-20
 770.70745  6.008000E-20
 770.72229  7.083000E-20
 770.73712  1.249000E-19
 770.75195  1.615000E-19
 770.76679  1.114000E-19
 770.78162  5.525000E-20
 770.79646  5.088000E-20
 770.81129  6.291000E-20
 770.82613  6.622000E-20
 770.84096  6.170000E-20
 770.85580  7.687000E-20
 770.87063  1.743000E-19
 770.88547  3.061000E-19
 770.90030  2.523000E-19
 770.91513  1.288000E-19
 770.92997  7.402000E-20
 770.94480  5.459000E-20
 770.95964  7.611000E-20
 770.97447  1.449000E-19
 770.98931  1.570000E-19
 771.00414  8.144000E-20
 771.01898  3.284000E-20
 771.03381  3.553000E-20
 771.04864  5.210000E-20
 771.06348  5.896000E-20
 771.07831  6.045000E-20
 771.09315  7.099000E-20
 771.10798  1.590000E-19
 771.12282  3.097000E-19
 771.13765  2.850000E-19
 771.15249  1.476000E-19
 771.16732  7.533000E-20
 771.18216  5.316000E-20
 771.19699  9.468000E-20
 771.21182  1.704000E-19
 771.22666  1.496000E-19
 771.24149  6.661000E-20
 771.25633  3.629000E-20
 771.27116  4.351000E-20
 771.28600  5.278000E-20
 771.30083  5.359000E-20
 771.31567  5.632000E-20
 771.33050  6.711000E-20
 771.34534  1.418000E-19
 771.36017  3.025000E-19
 771.37500  3.149000E-19
 771.38984  1.696000E-19
 771.40467  7.882000E-20
 771.41951  6.131000E-20
 771.43434  1.214000E-19
 771.44918  1.765000E-19
 771.46401  1.174000E-19
 771.47885  5.018000E-20
 771.49368  4.001000E-20
 771.50851  4.440000E-20
 771.52335  5.622000E-20
 771.53818  6.554000E-20
 771.55302  6.121000E-20
 771.56785  6.579000E-20
 771.58269  1.340000E-19
 771.59752  2.955000E-19
 771.61236  3.358000E-19
 771.62719  1.897000E-19
 771.64203  9.315000E-20
 771.65686  8.813000E-20
 771.67169  1.640000E-19
 771.68653  1.860000E-19
 771.70136  1.017000E-19
 771.71620  4.582000E-20
 771.73103  3.589000E-20
 771.74587  3.981000E-20
 771.76070  5.241000E-20
 771.77554  6.320000E-20
 771.79037  6.475000E-20
 771.80520  6.973000E-20
 771.82004  1.251000E-19
 771.83487  2.809000E-19
 771.84971  3.389000E-19
 771.86454  1.882000E-19
 771.87938  8.003000E-20
 771.89421  9.827000E-20
 771.90905  1.804000E-19
 771.92388  1.590000E-19
 771.93872  7.269000E-20
 771.95355  4.025000E-20
 771.96838  3.396000E-20
 771.98322  4.093000E-20
 771.99805  5.809000E-20
 772.01289  7.151000E-20
 772.02772  7.440000E-20
 772.04256  8.433000E-20
 772.05739  1.340000E-19
 772.07223  2.947000E-19
 772.08706  3.668000E-19
 772.10189  2.123000E-19
 772.11673  1.050000E-19
 772.13156  1.424000E-19
 772.14640  1.830000E-19
 772.16123  1.182000E-19
 772.17607  4.906000E-20
 772.19090  2.899000E-20
 772.20574  2.801000E-20
 772.22057  3.641000E-20
 772.23541  5.027000E-20
 772.25024  6.054000E-20
 772.26507  6.234000E-20
 772.27991  6.875000E-20
 772.29474  1.129000E-19
 772.30958  2.769000E-19
 772.32441  3.723000E-19
 772.33925  2.320000E-19
 772.35408  1.440000E-19
 772.36892  1.867000E-19
 772.38375  1.704000E-19
 772.39859  9.078000E-20
 772.41342  4.934000E-20
 772.42825  4.290000E-20
 772.44309  4.453000E-20
 772.45792  5.226000E-20
 772.47276  6.523000E-20
 772.48759  7.666000E-20
 772.50243  7.752000E-20
 772.51726  7.447000E-20
 772.53210  1.110000E-19
 772.54693  2.686000E-19
 772.56176  3.663000E-19
 772.57660  2.372000E-19
 772.59143  1.702000E-19
 772.60627  1.839000E-19
 772.62110  1.211000E-19
 772.63594  5.947000E-20
 772.65077  3.551000E-20
 772.66561  3.249000E-20
 772.68044  3.491000E-20
 772.69528  4.618000E-20
 772.71011  6.273000E-20
 772.72494  8.238000E-20
 772.73978  8.925000E-20
 772.75461  8.854000E-20
 772.76945  1.255000E-19
 772.78428  2.822000E-19
 772.79912  3.912000E-19
 772.81395  2.857000E-19
 772.82879  2.190000E-19
 772.84362  1.681000E-19
 772.85845  9.414000E-20
 772.87329  6.820000E-20
 772.88812  4.708000E-20
 772.90296  3.603000E-20
 772.91779  2.903000E-20
 772.93263  3.696000E-20
 772.94746  5.185000E-20
 772.96230  7.104000E-20
 772.97713  7.534000E-20
 772.99197  7.797000E-20
 773.00680  1.175000E-19
 773.02163  2.808000E-19
 773.03647  4.038000E-19
 773.05130  3.214000E-19
 773.06614  2.168000E-19
 773.08097  1.173000E-19
 773.09581  7.392000E-20
 773.11064  6.420000E-20
 773.12548  4.728000E-20
 773.14031  4.383000E-20
 773.15515  4.466000E-20
 773.16998  5.878000E-20
 773.18481  7.540000E-20
 773.19965  8.668000E-20
 773.21448  8.277000E-20
 773.22932  8.372000E-20
 773.24415  1.243000E-19
 773.25899  2.976000E-19
 773.27382  4.465000E-19
 773.28866  3.593000E-19
 773.30349  1.819000E-19
 773.31832  7.905000E-20
 773.33316  6.110000E-20
 773.34799  4.836000E-20
 773.36283  3.528000E-20
 773.37766  3.347000E-20
 773.39250  3.752000E-20
 773.40733  5.614000E-20
 773.42217  7.865000E-20
 773.43700  9.174000E-20
 773.45184  8.920000E-20
 773.46667  8.343000E-20
 773.48150  1.234000E-19
 773.49634  3.202000E-19
 773.51117  4.931000E-19
 773.52601  3.429000E-19
 773.54084  1.311000E-19
 773.55568  7.501000E-20
 773.57051  7.310000E-20
 773.58535  5.415000E-20
 773.60018  3.785000E-20
 773.61501  3.321000E-20
 773.62985  3.655000E-20
 773.64468  5.959000E-20
 773.65952  8.363000E-20
 773.67435  9.104000E-20
 773.68919  8.307000E-20
 773.70402  7.801000E-20
 773.71886  1.377000E-19
 773.73369  3.785000E-19
 773.74853  5.142000E-19
 773.76336  2.653000E-19
 773.77819  7.470000E-20
 773.79303  6.095000E-20
 773.80786  6.282000E-20
 773.82270  4.466000E-20
 773.83753  3.543000E-20
 773.85237  3.875000E-20
 773.86720  4.573000E-20
 773.88204  6.268000E-20
 773.89687  7.798000E-20
 773.91171  8.694000E-20
 773.92654  8.308000E-20
 773.94137  8.202000E-20
 773.95621  1.691000E-19
 773.97104  4.219000E-19
 773.98588  4.636000E-19
 774.00071  1.922000E-19
 774.01555  6.195000E-20
 774.03038  6.266000E-20
 774.04522  5.503000E-20
 774.06005  3.700000E-20
 774.07488  3.485000E-20
 774.08972  4.061000E-20
 774.10455  5.209000E-20
 774.11939  7.066000E-20
 774.13422  8.451000E-20
 774.14906  8.263000E-20
 774.16389  7.172000E-20
 774.17873  8.385000E-20
 774.19356  2.295000E-19
 774.20840  4.835000E-19
 774.22323  4.055000E-19
 774.23806  1.395000E-19
 774.25290  6.034000E-20
 774.26773  6.233000E-20
 774.28257  4.533000E-20
 774.29740  2.550000E-20
 774.31224  2.595000E-20
 774.32707  3.498000E-20
 774.34191  5.465000E-20
 774.35674  7.666000E-20
 774.37157  9.203000E-20
 774.38641  9.169000E-20
 774.40124  9.110000E-20
 774.41608  1.369000E-19
 774.43091  3.200000E-19
 774.44575  4.966000E-19
 774.46058  3.498000E-19
 774.47542  1.233000E-19
 774.49025  7.157000E-20
 774.50509  7.146000E-20
 774.51992  4.946000E-20
 774.53475  3.281000E-20
 774.54959  3.392000E-20
 774.56442  4.081000E-20
 774.57926  5.086000E-20
 774.59409  6.751000E-20
 774.60893  7.990000E-20
 774.62376  7.867000E-20
 774.63860  9.441000E-20
 774.65343  1.806000E-19
 774.66826  3.364000E-19
 774.68310  4.325000E-19
 774.69793  2.805000E-19
 774.71277  9.531000E-20
 774.72760  7.129000E-20
 774.74244  7.129000E-20
 774.75727  5.350000E-20
 774.77211  5.204000E-20
 774.78694  5.991000E-20
 774.80178  6.314000E-20
 774.81661  7.128000E-20
 774.83144  8.485000E-20
 774.84628  9.570000E-20
 774.86111  1.004000E-19
 774.87595  1.464000E-19
 774.89078  2.178000E-19
 774.90562  3.144000E-19
 774.92045  3.949000E-19
 774.93529  2.325000E-19
 774.95012  7.719000E-20
 774.96496  6.134000E-20
 774.97979  4.476000E-20
 774.99462  2.998000E-20
 775.00946  3.037000E-20
 775.02429  3.899000E-20
 775.03913  4.686000E-20
 775.05396  6.633000E-20
 775.06880  8.368000E-20
 775.08363  9.610000E-20
 775.09847  1.266000E-19
 775.11330  1.849000E-19
 775.12813  2.018000E-19
 775.14297  3.128000E-19
 775.15780  3.828000E-19
 775.17264  1.961000E-19
 775.18747  8.850000E-20
 775.20231  7.656000E-20
 775.21714  5.293000E-20
 775.23198  3.883000E-20
 775.24681  3.878000E-20
 775.26165  3.928000E-20
 775.27648  4.344000E-20
 775.29131  6.392000E-20
 775.30615  6.392000E-20
 775.32098  1.123000E-19
 775.33582  1.663000E-19
 775.35065  1.632000E-19
 775.36549  1.540000E-19
 775.38032  3.168000E-19
 775.39516  3.315000E-19
 775.40999  1.334000E-19
 775.42482  5.992000E-20
 775.43966  5.330000E-20
 775.45449  4.357000E-20
 775.46933  4.486000E-20
 775.48416  4.984000E-20
 775.49900  5.070000E-20
 775.51383  5.982000E-20
 775.52867  8.087000E-20
 775.54350  1.059000E-19
 775.55834  1.606000E-19
 775.57317  1.860000E-19
 775.58800  1.253000E-19
 775.60284  1.856000E-19
 775.61767  3.686000E-19
 775.63251  2.932000E-19
 775.64734  1.044000E-19
 775.66218  5.987000E-20
 775.67701  4.504000E-20
 775.69185  3.750000E-20
 775.70668  4.086000E-20
 775.72152  4.709000E-20
 775.73635  4.961000E-20
 775.75118  6.556000E-20
 775.76602  9.205000E-20
 775.78085  1.415000E-19
 775.79569  1.813000E-19
 775.81052  1.223000E-19
 775.82536  8.327000E-20
 775.84019  2.242000E-19
 775.85503  3.705000E-19
 775.86986  2.291000E-19
 775.88469  8.736000E-20
 775.89953  6.304000E-20
 775.91436  4.499000E-20
 775.92920  4.384000E-20
 775.94403  4.235000E-20
 775.95887  4.466000E-20
 775.97370  5.347000E-20
 775.98854  8.057000E-20
 776.00337  1.265000E-19
 776.01821  1.864000E-19
 776.03304  1.452000E-19
 776.04787  6.949000E-20
 776.06271  1.005000E-19
 776.07754  2.789000E-19
 776.09238  3.461000E-19
 776.10721  1.643000E-19
 776.12205  6.893000E-20
 776.13688  5.473000E-20
 776.15172  4.531000E-20
 776.16655  4.032000E-20
 776.18138  3.706000E-20
 776.19622  3.690000E-20
 776.21105  4.666000E-20
 776.22589  8.697000E-20
 776.24072  1.579000E-19
 776.25556  1.568000E-19
 776.27039  8.095000E-20
 776.28523  6.092000E-20
 776.30006  1.439000E-19
 776.31490  3.272000E-19
 776.32973  2.941000E-19
 776.34456  1.163000E-19
 776.35940  6.048000E-20
 776.37423  5.000000E-20
 776.38907  4.965000E-20
 776.40390  4.586000E-20
 776.41874  4.406000E-20
 776.43357  4.923000E-20
 776.44841  8.138000E-20
 776.46324  1.496000E-19
 776.47807  1.645000E-19
 776.49291  9.338000E-20
 776.50774  5.337000E-20
 776.52258  6.892000E-20
 776.53741  2.031000E-19
 776.55225  3.463000E-19
 776.56708  2.234000E-19
 776.58192  7.923000E-20
 776.59675  5.001000E-20
 776.61159  3.523000E-20
 776.62642  3.166000E-20
 776.64125  2.998000E-20
 776.65609  3.941000E-20
 776.67092  5.843000E-20
 776.68576  1.240000E-19
 776.70059  1.626000E-19
 776.71543  1.085000E-19
 776.73026  5.649000E-20
 776.74510  4.847000E-20
 776.75993  9.242000E-20
 776.77477  2.659000E-19
 776.78960  3.295000E-19
 776.80443  1.645000E-19
 776.81927  7.750000E-20
 776.83410  6.086000E-20
 776.84894  5.395000E-20
 776.86377  5.124000E-20
 776.87861  4.656000E-20
 776.89344  5.514000E-20
 776.90828  1.051000E-19
 776.92311  1.586000E-19
 776.93794  1.215000E-19
 776.95278  7.396000E-20
 776.96761  5.579000E-20
 776.98245  5.670000E-20
 776.99728  1.466000E-19
 777.01212  3.111000E-19
 777.02695  2.569000E-19
 777.04179  9.319000E-20
 777.05662  4.378000E-20
 777.07146  3.788000E-20
 777.08629  4.772000E-20
 777.10112  4.914000E-20
 777.11596  5.487000E-20
 777.13079  9.747000E-20
 777.14563  1.575000E-19
 777.16046  1.324000E-19
 777.17530  8.764000E-20
 777.19013  7.310000E-20
 777.20497  6.797000E-20
 777.21980  9.376000E-20
 777.23463  2.281000E-19
 777.24947  3.234000E-19
 777.26430  1.811000E-19
 777.27914  6.218000E-20
 777.29397  3.429000E-20
 777.30881  2.550000E-20
 777.32364  2.608000E-20
 777.33848  2.608000E-20
 777.35331  6.731000E-20
 777.36815  1.209000E-19
 777.38298  1.049000E-19
 777.39781  6.318000E-20
 777.41265  5.165000E-20
 777.42748  3.905000E-20
 777.44232  4.121000E-20
 777.45715  1.071000E-19
 777.47199  2.664000E-19
 777.48682  2.619000E-19
 777.50166  1.068000E-19
 777.51649  4.583000E-20
 777.53133  3.945000E-20
 777.54616  3.769000E-20
 777.56099  3.691000E-20
 777.57583  6.871000E-20
 777.59066  1.170000E-19
 777.60550  1.089000E-19
 777.62033  7.911000E-20
 777.63517  7.347000E-20
 777.65000  6.017000E-20
 777.66484  4.502000E-20
 777.67967  5.583000E-20
 777.69450  1.709000E-19
 777.70934  2.864000E-19
 777.72417  1.765000E-19
 777.73901  5.003000E-20
 777.75384  2.845000E-20
 777.76868  2.610000E-20
 777.78351  2.538000E-20
 777.79835  4.651000E-20
 777.81318  8.982000E-20
 777.82802  7.816000E-20
 777.84285  5.269000E-20
 777.85768  5.543000E-20
 777.87252  5.784000E-20
 777.88735  5.165000E-20
 777.90219  5.238000E-20
 777.91702  1.051000E-19
 777.93186  2.503000E-19
 777.94669  2.671000E-19
 777.96153  1.166000E-19
 777.97636  5.033000E-20
 777.99119  4.184000E-20
 778.00603  3.986000E-20
 778.02086  6.006000E-20
 778.03570  1.042000E-19
 778.05053  9.331000E-20
 778.06537  6.175000E-20
 778.08020  6.102000E-20
 778.09504  6.066000E-20
 778.10987  5.303000E-20
 778.12471  4.127000E-20
 778.13954  5.278000E-20
 778.15437  1.569000E-19
 778.16921  2.719000E-19
 778.18404  1.764000E-19
 778.19888  6.203000E-20
 778.21371  4.513000E-20
 778.22855  4.040000E-20
 778.24338  5.880000E-20
 778.25822  9.877000E-20
 778.27305  9.231000E-20
 778.28788  6.414000E-20
 778.30272  7.428000E-20
 778.31755  8.163000E-20
 778.33239  8.025000E-20
 778.34722  6.808000E-20
 778.36206  6.169000E-20
 778.37689  1.060000E-19
 778.39173  2.357000E-19
 778.40656  2.401000E-19
 778.42140  9.758000E-20
 778.43623  3.727000E-20
 778.45106  3.211000E-20
 778.46590  4.907000E-20
 778.48073  8.577000E-20
 778.49557  7.441000E-20
 778.51040  3.915000E-20
 778.52524  3.965000E-20
 778.54007  4.911000E-20
 778.55491  5.075000E-20
 778.56974  4.409000E-20
 778.58458  3.819000E-20
 778.59941  5.142000E-20
 778.61424  1.458000E-19
 778.62908  2.360000E-19
 778.64391  1.396000E-19
 778.65875  3.720000E-20
 778.67358  2.403000E-20
 778.68842  4.071000E-20
 778.70325  7.577000E-20
 778.71809  6.540000E-20
 778.73292  3.767000E-20
 778.74775  4.063000E-20
 778.76259  5.376000E-20
 778.77742  5.470000E-20
 778.79226  4.755000E-20
 778.80709  3.927000E-20
 778.82193  4.016000E-20
 778.83676  9.348000E-20
 778.85160  2.123000E-19
 778.86643  1.972000E-19
 778.88127  7.128000E-20
 778.89610  3.117000E-20
 778.91093  4.317000E-20
 778.92577  6.858000E-20
 778.94060  5.634000E-20
 778.95544  3.134000E-20
 778.97027  2.914000E-20
 778.98511  4.199000E-20
 778.99994  5.278000E-20
 779.01478  4.996000E-20
 779.02961  3.932000E-20
 779.04444  3.205000E-20
 779.05928  5.128000E-20
 779.07411  1.476000E-19
 779.08895  2.078000E-19
 779.10378  1.078000E-19
 779.11862  4.389000E-20
 779.13345  5.616000E-20
 779.14829  7.917000E-20
 779.16312  6.720000E-20
 779.17796  4.218000E-20
 779.19279  3.570000E-20
 779.20762  4.288000E-20
 779.22246  5.895000E-20
 779.23729  6.068000E-20
 779.25213  5.799000E-20
 779.26696  5.762000E-20
 779.28180  6.641000E-20
 779.29663  1.212000E-19
 779.31147  2.058000E-19
 779.32630  1.526000E-19
 779.34114  5.323000E-20
 779.35597  4.734000E-20
 779.37080  6.248000E-20
 779.38564  4.708000E-20
 779.40047  2.890000E-20
 779.41531  3.183000E-20
 779.43014  3.695000E-20
 779.44498  4.804000E-20
 779.45981  4.889000E-20
 779.47465  4.552000E-20
 779.48948  4.089000E-20
 779.50431  4.305000E-20
 779.51915  7.645000E-20
 779.53398  1.699000E-19
 779.54882  1.869000E-19
 779.56365  9.753000E-20
 779.57849  7.307000E-20
 779.59332  8.189000E-20
 779.60816  6.393000E-20
 779.62299  4.808000E-20
 779.63783  4.641000E-20
 779.65266  5.030000E-20
 779.66749  6.057000E-20
 779.68233  6.798000E-20
 779.69716  6.690000E-20
 779.71200  5.995000E-20
 779.72683  5.374000E-20
 779.74167  5.869000E-20
 779.75650  1.186000E-19
 779.77134  1.725000E-19
 779.78617  1.094000E-19
 779.80100  6.973000E-20
 779.81584  7.548000E-20
 779.83067  5.866000E-20
 779.84551  5.002000E-20
 779.86034  5.253000E-20
 779.87518  5.602000E-20
 779.89001  6.502000E-20
 779.90485  7.761000E-20
 779.91968  7.903000E-20
 779.93452  8.414000E-20
 779.94935  8.804000E-20
 779.96418  9.416000E-20
 779.97902  1.339000E-19
 779.99385  2.012000E-19
 780.00869  1.697000E-19
 780.02352  1.074000E-19
 780.03836  9.744000E-20
 780.05319  8.326000E-20
 780.06803  7.565000E-20
 780.08286  7.491000E-20
 780.09769  7.738000E-20
 780.11253  8.142000E-20
 780.12736  8.685000E-20
 780.14220  7.996000E-20
 780.15703  6.972000E-20
 780.17187  6.382000E-20
 780.18670  6.111000E-20
 780.20154  8.245000E-20
 780.21637  1.510000E-19
 780.23121  1.638000E-19
 780.24604  1.058000E-19
 780.26087  7.595000E-20
 780.27571  6.191000E-20
 780.29054  6.342000E-20
 780.30538  6.831000E-20
 780.32021  7.239000E-20
 780.33505  7.239000E-20
 780.34988  9.598000E-20
 780.36472  1.052000E-19
 780.37955  1.030000E-19
 780.39439  9.410000E-20
 780.40922  9.040000E-20
 780.42405  1.007000E-19
 780.43889  1.517000E-19
 780.45372  1.919000E-19
 780.46856  1.511000E-19
 780.48339  1.106000E-19
 780.49823  9.799000E-20
 780.51306  9.508000E-20
 780.52790  9.537000E-20
 780.54273  9.806000E-20
 780.55756  1.006000E-19
 780.57240  1.040000E-19
 780.58723  1.081000E-19
 780.60207  1.065000E-19
 780.61690  1.021000E-19
 780.63174  1.001000E-19
 780.64657  1.086000E-19
 780.66141  1.468000E-19
 780.67624  1.898000E-19
 780.69108  1.552000E-19
 780.70591  9.817000E-20
 780.72074  8.493000E-20
 780.73558  8.884000E-20
 780.75041  9.624000E-20
 780.76525  1.033000E-19
 780.78008  1.075000E-19
 780.79492  1.129000E-19
 780.80975  1.236000E-19
 780.82459  1.230000E-19
 780.83942  1.188000E-19
 780.85425  1.215000E-19
 780.86909  1.273000E-19
 780.88392  1.572000E-19
 780.89876  2.214000E-19
 780.91359  2.220000E-19
 780.92843  1.736000E-19
 780.94326  1.601000E-19
 780.95810  1.633000E-19
 780.97293  1.742000E-19
 780.98777  1.856000E-19
 781.00260  2.017000E-19
 781.01743  2.149000E-19
 781.03227  2.300000E-19
 781.04710  2.416000E-19
 781.06194  2.466000E-19
 781.07677  2.483000E-19
 781.09161  2.497000E-19
 781.10644  2.654000E-19
 781.12128  3.018000E-19
 781.13611  2.869000E-19
 781.15095  2.223000E-19
 781.16578  1.995000E-19
 781.18061  2.037000E-19
 781.19545  2.030000E-19
 781.21028  1.941000E-19
 781.22512  1.751000E-19
 781.23995  1.590000E-19
 781.25479  1.527000E-19
 781.26962  1.522000E-19
 781.28446  1.581000E-19
 781.29929  1.632000E-19
 781.31412  1.618000E-19
 781.32896  1.672000E-19
 781.34379  1.893000E-19
 781.35863  1.856000E-19
 781.37346  1.377000E-19
 781.38830  1.198000E-19
 781.40313  1.308000E-19
 781.41797  1.371000E-19
 781.43280  1.407000E-19
 781.44764  1.468000E-19
 781.46247  1.549000E-19
 781.47730  1.639000E-19
 781.49214  1.688000E-19
 781.50697  1.723000E-19
 781.52181  1.813000E-19
 781.53664  1.957000E-19
 781.55148  2.150000E-19
 781.56631  2.454000E-19
 781.58115  2.714000E-19
 781.59598  2.598000E-19
 781.61081  2.479000E-19
 781.62565  2.520000E-19
 781.64048  2.609000E-19
 781.65532  2.703000E-19
 781.67015  2.792000E-19
 781.68499  2.866000E-19
 781.69982  2.922000E-19
 781.71466  3.011000E-19
 781.72949  3.116000E-19
 781.74433  3.184000E-19
 781.75916  3.127000E-19
 781.77399  2.964000E-19
 781.78883  2.976000E-19
 781.80366  3.213000E-19
 781.81850  3.237000E-19
 781.83333  3.221000E-19
 781.84817  3.433000E-19
 781.86300  3.619000E-19
 781.87784  3.796000E-19
 781.89267  3.991000E-19
 781.90751  4.176000E-19
 781.92234  4.369000E-19
 781.93717  4.630000E-19
 781.95201  4.924000E-19
 781.96684  5.280000E-19
 781.98168  5.702000E-19
 781.99651  6.215000E-19
 782.01135  6.580000E-19
 782.02618  6.695000E-19
 782.04102  6.682000E-19
 782.05585  6.719000E-19
 782.07068  6.885000E-19
 782.08552  6.998000E-19
 782.10035  7.207000E-19
 782.11519  7.414000E-19
 782.13002  7.318000E-19
 782.14486  7.232000E-19
 782.15969  7.258000E-19
 782.17453  7.045000E-19
 782.18936  6.641000E-19
 782.20420  6.032000E-19
 782.21903  4.911000E-19
 782.23386  4.072000E-19
 782.24870  3.504000E-19
 782.26353  2.858000E-19
 782.27837  2.507000E-19
 782.29320  2.431000E-19
 782.30804  2.400000E-19
 782.32287  2.357000E-19
 782.33771  2.265000E-19
 782.35254  2.113000E-19
 782.36737  2.095000E-19
 782.38221  2.305000E-19
 782.39704  2.402000E-19
 782.41188  2.226000E-19
 782.42671  1.898000E-19
 782.44155  1.649000E-19
 782.45638  1.560000E-19
 782.47122  1.560000E-19
 782.48605  1.503000E-19
 782.50089  1.335000E-19
 782.51572  1.342000E-19
 782.53055  1.541000E-19
 782.54539  1.667000E-19
 782.56022  1.604000E-19
 782.57506  1.530000E-19
 782.58989  1.579000E-19
 782.60473  1.647000E-19
 782.61956  1.733000E-19
 782.63440  1.943000E-19
 782.64923  2.146000E-19
 782.66406  2.301000E-19
 782.67890  2.512000E-19
 782.69373  2.598000E-19
 782.70857  2.529000E-19
 782.72340  2.531000E-19
 782.73824  2.658000E-19
 782.75307  2.824000E-19
 782.76791  2.961000E-19
 782.78274  3.083000E-19
 782.79758  3.271000E-19
 782.81241  3.449000E-19
 782.82724  3.523000E-19
 782.84208  3.597000E-19
 782.85691  3.748000E-19
 782.87175  3.914000E-19
 782.88658  4.093000E-19
 782.90142  4.335000E-19
 782.91625  4.657000E-19
 782.93109  4.966000E-19
 782.94592  5.317000E-19
 782.96076  5.672000E-19
 782.97559  5.936000E-19
 782.99042  6.183000E-19
 783.00526  6.420000E-19
 783.02009  6.718000E-19
 783.03493  6.998000E-19
 783.04976  7.296000E-19
 783.06460  7.602000E-19
 783.07943  9.098000E-19
 783.09427  9.514000E-19
 783.10910  1.002000E-18
 783.12393  1.058000E-18
 783.13877  1.095000E-18
 783.15360  1.138000E-18
 783.16844  1.193000E-18
 783.18327  1.250000E-18
 783.19811  1.306000E-18
 783.21294  1.361000E-18
 783.22778  1.414000E-18
 783.24261  1.438000E-18
 783.25745  1.451000E-18
 783.27228  1.479000E-18
 783.28711  1.466000E-18
 783.30195  1.403000E-18
 783.31678  1.314000E-18
 783.33162  1.190000E-18
 783.34645  1.001000E-18
 783.36129  5.833000E-19
 783.37612  2.489000E-19
 783.39096  9.841000E-20
 783.40579  7.421000E-20
 783.42062  7.093000E-20
 783.43546  7.165000E-20
 783.45029  7.509000E-20
 783.46513  8.112000E-20
 783.47996  8.674000E-20
 783.49480  9.524000E-20
 783.50963  9.983000E-20
 783.52447  9.403000E-20
 783.53930  8.908000E-20
 783.55414  9.165000E-20
 783.56897  9.090000E-20
 783.58380  9.575000E-20
 783.59864  1.028000E-19
 783.61347  1.089000E-19
 783.62831  1.056000E-19
 783.64314  1.026000E-19
 783.65798  1.061000E-19
 783.67281  1.055000E-19
 783.68765  1.068000E-19
 783.70248  1.160000E-19
 783.71732  1.215000E-19
 783.73215  1.165000E-19
 783.74698  1.134000E-19
 783.76182  1.267000E-19
 783.77665  1.409000E-19
 783.79149  1.520000E-19
 783.80632  1.561000E-19
 783.82116  1.334000E-19
 783.83599  7.106000E-20
 783.85083  1.823000E-20
 783.86566  7.590000E-21
 783.88049  1.573000E-20
 783.89533  2.104000E-20
 783.91016  2.690000E-20
 783.92500  3.679000E-20
 783.93983  4.138000E-20
 783.95467  2.704000E-20
 783.96950  1.645000E-20
 783.98434  1.777000E-20
 783.99917  2.192000E-20
 784.01401  2.901000E-20
 784.02884  2.901000E-20
 784.04367  4.534000E-20
 784.05851  3.665000E-20
 784.07334  3.108000E-20
 784.08818  2.875000E-20
 784.10301  2.500000E-20
 784.11785  2.397000E-20
 784.13268  3.112000E-20
 784.14752  4.371000E-20
 784.16235  3.857000E-20
 784.17718  2.099000E-20
 784.19202  2.024000E-20
 784.20685  2.443000E-20
 784.22169  2.140000E-20
 784.23652  2.458000E-20
 784.25136  3.295000E-20
 784.26619  2.896000E-20
 784.28103  1.965000E-20
 784.29586  2.008000E-20
 784.31070  2.631000E-20
 784.32553  2.508000E-20
 784.34036  2.813000E-20
 784.35520  4.680000E-20
 784.37003  5.606000E-20
 784.38487  3.843000E-20
 784.39970  2.689000E-20
 784.41454  3.347000E-20
 784.42937  3.826000E-20
 784.44421  4.181000E-20
 784.45904  5.349000E-20
 784.47387  5.987000E-20
 784.48871  4.562000E-20
 784.50354  2.730000E-20
 784.51838  2.202000E-20
 784.53321  1.674000E-20
 784.54805  1.587000E-20
 784.56288  3.120000E-20
 784.57772  5.596000E-20
 784.59255  5.003000E-20
 784.60739  2.733000E-20
 784.62222  1.700000E-20
 784.63705  2.091000E-20
 784.65189  2.451000E-20
 784.66672  2.311000E-20
 784.68156  3.117000E-20
 784.69639  5.104000E-20
 784.71123  4.536000E-20
 784.72606  3.243000E-20
 784.74090  2.985000E-20
 784.75573  2.632000E-20
 784.77057  3.728000E-20
 784.78540  6.640000E-20
 784.80023  7.684000E-20
 784.81507  5.155000E-20
 784.82990  3.442000E-20
 784.84474  3.906000E-20
 784.85957  4.766000E-20
 784.87441  4.419000E-20
 784.88924  3.561000E-20
 784.90408  4.319000E-20
 784.91891  5.654000E-20
 784.93374  3.640000E-20
 784.94858  1.214000E-20
 784.96341  5.696000E-21
 784.97825  1.466000E-20
 784.99308  4.552000E-20
 785.00792  7.314000E-20
 785.02275  5.509000E-20
 785.03759  2.836000E-20
 785.05242  2.190000E-20
 785.06726  3.264000E-20
 785.08209  3.988000E-20
 785.09692  3.266000E-20
 785.11176  3.608000E-20
 785.12659  6.556000E-20
 785.14143  8.212000E-20
 785.15626  5.403000E-20
 785.17110  3.015000E-20
 785.18593  2.391000E-20
 785.20077  3.838000E-20
 785.21560  7.476000E-20
 785.23043  7.228000E-20
 785.24527  4.519000E-20
 785.26010  3.930000E-20
 785.27494  4.301000E-20
 785.28977  5.141000E-20
 785.30461  4.290000E-20
 785.31944  2.428000E-20
 785.33428  2.916000E-20
 785.34911  6.252000E-20
 785.36395  6.624000E-20
 785.37878  3.004000E-20
 785.39361  1.786000E-20
 785.40845  3.197000E-20
 785.42328  6.905000E-20
 785.43812  8.109000E-20
 785.45295  5.529000E-20
 785.46779  4.016000E-20
 785.48262  3.946000E-20
 785.49746  5.089000E-20
 785.51229  5.998000E-20
 785.52713  4.815000E-20
 785.54196  4.074000E-20
 785.55679  6.122000E-20
 785.57163  9.958000E-20
 785.58646  8.094000E-20
 785.60130  3.195000E-20
 785.61613  2.809000E-20
 785.63097  6.237000E-20
 785.64580  9.042000E-20
 785.66064  7.178000E-20
 785.67547  5.713000E-20
 785.69030  5.459000E-20
 785.70514  5.473000E-20
 785.71997  5.557000E-20
 785.73481  4.197000E-20
 785.74964  2.414000E-20
 785.76448  3.099000E-20
 785.77931  6.828000E-20
 785.79415  1.033000E-19
 785.80898  6.650000E-20
 785.82382  3.256000E-20
 785.83865  5.911000E-20
 785.85348  9.498000E-20
 785.86832  8.194000E-20
 785.88315  5.858000E-20
 785.89799  5.282000E-20
 785.91282  5.604000E-20
 785.92766  6.410000E-20
 785.94249  6.185000E-20
 785.95733  4.702000E-20
 785.97216  3.936000E-20
 785.98699  5.139000E-20
 786.00183  9.275000E-20
 786.01666  9.275000E-20
 786.03150  7.058000E-20
 786.04633  5.592000E-20
 786.06117  9.267000E-20
 786.07600  9.527000E-20
 786.09084  7.522000E-20
 786.10567  7.058000E-20
 786.12051  6.506000E-20
 786.13534  5.786000E-20
 786.15017  5.786000E-20
 786.16501  4.294000E-20
 786.17984  2.805000E-20
 786.19468  3.062000E-20
 786.20951  5.919000E-20
 786.22435  1.152000E-19
 786.23918  1.175000E-19
 786.25402  1.175000E-19
 786.26885  7.524000E-20
 786.28368  8.714000E-20
 786.29852  6.489000E-20
 786.31335  6.308000E-20
 786.32819  6.731000E-20
 786.34302  6.051000E-20
 786.35786  5.917000E-20
 786.37269  6.240000E-20
 786.38753  5.498000E-20
 786.40236  4.769000E-20
 786.41720  4.998000E-20
 786.43203  8.272000E-20
 786.44686  1.397000E-19
 786.46170  1.199000E-19
 786.47653  1.000000E-19
 786.49137  1.114000E-19
 786.50620  8.601000E-20
 786.52104  7.767000E-20
 786.53587  7.817000E-20
 786.55071  6.717000E-20
 786.56554  5.058000E-20
 786.58038  5.284000E-20
 786.59521  5.093000E-20
 786.61004  4.047000E-20
 786.62488  3.698000E-20
 786.63971  4.511000E-20
 786.65455  9.744000E-20
 786.66938  1.503000E-19
 786.68422  1.281000E-19
 786.69905  1.077000E-19
 786.71389  8.121000E-20
 786.72872  7.642000E-20
 786.74355  8.706000E-20
 786.75839  8.169000E-20
 786.77322  6.647000E-20
 786.78806  6.920000E-20
 786.80289  7.586000E-20
 786.81773  6.638000E-20
 786.83256  5.760000E-20
 786.84740  5.135000E-20
 786.86223  7.193000E-20
 786.87707  1.522000E-19
 786.89190  1.968000E-19
 786.90673  1.516000E-19
 786.92157  9.960000E-20
 786.93640  7.924000E-20
 786.95124  7.795000E-20
 786.96607  6.465000E-20
 786.98091  4.828000E-20
 786.99574  4.304000E-20
 787.01058  5.808000E-20
 787.02541  5.591000E-20
 787.04024  4.410000E-20
 787.05508  3.727000E-20
 787.06991  3.933000E-20
 787.08475  9.537000E-20
 787.09958  2.089000E-19
 787.11442  2.092000E-19
 787.12925  1.137000E-19
 787.14409  8.108000E-20
 787.15892  9.907000E-20
 787.17376  1.010000E-19
 787.18859  8.658000E-20
 787.20342  7.432000E-20
 787.21826  7.571000E-20
 787.23309  7.762000E-20
 787.24793  6.268000E-20
 787.26276  4.422000E-20
 787.27760  3.626000E-20
 787.29243  6.418000E-20
 787.30727  1.888000E-19
 787.32210  2.790000E-19
 787.33694  1.640000E-19
 787.35177  7.612000E-20
 787.36660  7.754000E-20
 787.38144  7.280000E-20
 787.39627  5.487000E-20
 787.41111  4.882000E-20
 787.42594  5.939000E-20
 787.44078  7.321000E-20
 787.45561  6.593000E-20
 787.47045  5.125000E-20
 787.48528  3.984000E-20
 787.50011  4.474000E-20
 787.51495  1.204000E-19
 787.52978  2.503000E-19
 787.54462  2.180000E-19
 787.55945  1.144000E-19
 787.57429  1.066000E-19
 787.58912  1.042000E-19
 787.60396  9.196000E-20
 787.61879  7.666000E-20
 787.63363  7.187000E-20
 787.64846  8.151000E-20
 787.66329  7.905000E-20
 787.67813  5.307000E-20
 787.69296  4.048000E-20
 787.70780  3.847000E-20
 787.72263  9.699000E-20
 787.73747  2.494000E-19
 787.75230  2.940000E-19
 787.76714  1.514000E-19
 787.78197  8.849000E-20
 787.79680  7.707000E-20
 787.81164  6.902000E-20
 787.82647  6.117000E-20
 787.84131  6.057000E-20
 787.85614  7.123000E-20
 787.87098  8.418000E-20
 787.88581  6.335000E-20
 787.90065  4.527000E-20
 787.91548  4.216000E-20
 787.93032  7.955000E-20
 787.94515  1.923000E-19
 787.95998  2.977000E-19
 787.97482  2.377000E-19
 787.98965  1.324000E-19
 788.00449  1.002000E-19
 788.01932  9.021000E-20
 788.03416  8.074000E-20
 788.04899  6.948000E-20
 788.06383  7.434000E-20
 788.07866  8.253000E-20
 788.09349  6.971000E-20
 788.10833  4.731000E-20
 788.12316  4.403000E-20
 788.13800  7.641000E-20
 788.15283  1.598000E-19
 788.16767  2.452000E-19
 788.18250  2.680000E-19
 788.19734  1.618000E-19
 788.21217  8.360000E-20
 788.22701  7.375000E-20
 788.24184  7.001000E-20
 788.25667  6.581000E-20
 788.27151  7.125000E-20
 788.28634  8.948000E-20
 788.30118  8.476000E-20
 788.31601  5.601000E-20
 788.33085  5.040000E-20
 788.34568  8.793000E-20
 788.36052  1.580000E-19
 788.37535  2.033000E-19
 788.39019  2.768000E-19
 788.40502  2.465000E-19
 788.41985  1.246000E-19
 788.43469  9.041000E-20
 788.44952  7.934000E-20
 788.46436  6.929000E-20
 788.47919  6.859000E-20
 788.49403  8.134000E-20
 788.50886  8.514000E-20
 788.52370  6.529000E-20
 788.53853  5.691000E-20
 788.55336  9.221000E-20
 788.56820  1.455000E-19
 788.58303  1.509000E-19
 788.59787  2.189000E-19
 788.61270  2.793000E-19
 788.62754  1.592000E-19
 788.64237  8.563000E-20
 788.65721  8.138000E-20
 788.67204  7.943000E-20
 788.68688  7.639000E-20
 788.70171  8.353000E-20
 788.71654  8.976000E-20
 788.73138  7.063000E-20
 788.74621  5.880000E-20
 788.76105  9.932000E-20
 788.77588  1.526000E-19
 788.79072  1.348000E-19
 788.80555  1.720000E-19
 788.82039  2.980000E-19
 788.83522  2.464000E-19
 788.85005  1.217000E-19
 788.86489  9.598000E-20
 788.87972  9.127000E-20
 788.89456  7.884000E-20
 788.90939  7.565000E-20
 788.92423  9.093000E-20
 788.93906  8.458000E-20
 788.95390  7.799000E-20
 788.96873  1.172000E-19
 788.98357  1.642000E-19
 788.99840  1.212000E-19
 789.01323  1.095000E-19
 789.02807  2.373000E-19
 789.04290  2.813000E-19
 789.05774  1.448000E-19
 789.07257  8.729000E-20
 789.08741  8.774000E-20
 789.10224  8.033000E-20
 789.11708  7.092000E-20
 789.13191  8.567000E-20
 789.14675  8.272000E-20
 789.16158  7.441000E-20
 789.17641  1.229000E-19
 789.19125  1.710000E-19
 789.20608  1.219000E-19
 789.22092  9.860000E-20
 789.23575  2.067000E-19
 789.25059  3.288000E-19
 789.26542  2.218000E-19
 789.28026  1.077000E-19
 789.29509  9.582000E-20
 789.30992  8.662000E-20
 789.32476  7.365000E-20
 789.33959  8.350000E-20
 789.35443  8.797000E-20
 789.36926  8.244000E-20
 789.38410  1.316000E-19
 789.39893  1.638000E-19
 789.41377  9.754000E-20
 789.42860  5.352000E-20
 789.44344  1.238000E-19
 789.45827  2.926000E-19
 789.47310  2.809000E-19
 789.48794  1.336000E-19
 789.50277  9.560000E-20
 789.51761  9.015000E-20
 789.53244  8.198000E-20
 789.54728  8.709000E-20
 789.56211  9.778000E-20
 789.57695  1.026000E-19
 789.59178  1.575000E-19
 789.60661  1.745000E-19
 789.62145  1.113000E-19
 789.63628  7.460000E-20
 789.65112  1.156000E-19
 789.66595  2.682000E-19
 789.68079  3.365000E-19
 789.69562  1.791000E-19
 789.71046  9.621000E-20
 789.72529  8.416000E-20
 789.74013  7.904000E-20
 789.75496  8.366000E-20
 789.76979  9.665000E-20
 789.78463  1.076000E-19
 789.79946  1.611000E-19
 789.81430  1.483000E-19
 789.82913  7.346000E-20
 789.84397  4.353000E-20
 789.85880  6.991000E-20
 789.87364  2.051000E-19
 789.88847  3.563000E-19
 789.90331  2.429000E-19
 789.91814  1.169000E-19
 789.93297  1.006000E-19
 789.94781  9.708000E-20
 789.96264  1.003000E-19
 789.97748  1.133000E-19
 789.99231  1.348000E-19
 790.00715  1.865000E-19
 790.02198  1.550000E-19
 790.03682  8.529000E-20
 790.05165  6.391000E-20
 790.06648  6.988000E-20
 790.08132  1.637000E-19
 790.09615  3.411000E-19
 790.11099  2.895000E-19
 790.12582  1.200000E-19
 790.14066  8.000000E-20
 790.15549  7.807000E-20
 790.17033  8.716000E-20
 790.18516  1.092000E-19
 790.20000  1.479000E-19
 790.21483  1.784000E-19
 790.22966  1.180000E-19
 790.24450  5.702000E-20
 790.25933  4.638000E-20
 790.27417  5.495000E-20
 790.28900  1.328000E-19
 790.30384  3.244000E-19
 790.31867  3.588000E-19
 790.33351  1.751000E-19
 790.34834  9.907000E-20
 790.36317  8.991000E-20
 790.37801  9.466000E-20
 790.39284  1.231000E-19
 790.40768  1.730000E-19
 790.42251  1.810000E-19
 790.43735  1.089000E-19
 790.45218  6.155000E-20
 790.46702  5.216000E-20
 790.48185  4.979000E-20
 790.49669  9.802000E-20
 790.51152  2.674000E-19
 790.52635  3.669000E-19
 790.54119  2.017000E-19
 790.55602  9.335000E-20
 790.57086  8.159000E-20
 790.58569  9.265000E-20
 790.60053  1.366000E-19
 790.61536  1.876000E-19
 790.63020  1.519000E-19
 790.64503  7.407000E-20
 790.65986  4.613000E-20
 790.67470  4.289000E-20
 790.68953  4.820000E-20
 790.70437  8.687000E-20
 790.71920  2.381000E-19
 790.73404  3.926000E-19
 790.74887  2.667000E-19
 790.76371  1.250000E-19
 790.77854  9.924000E-20
 790.79338  1.059000E-19
 790.80821  1.601000E-19
 790.82304  2.058000E-19
 790.83788  1.387000E-19
 790.85271  7.066000E-20
 790.86755  5.561000E-20
 790.88238  4.842000E-20
 790.89722  5.002000E-20
 790.91205  7.496000E-20
 790.92689  1.971000E-19
 790.94172  3.802000E-19
 790.95656  2.990000E-19
 790.97139  1.256000E-19
 790.98622  9.459000E-20
 791.00106  1.171000E-19
 791.01589  1.883000E-19
 791.03073  1.998000E-19
 791.04556  1.080000E-19
 791.06040  5.384000E-20
 791.07523  4.625000E-20
 791.09007  4.262000E-20
 791.10490  4.911000E-20
 791.11973  7.725000E-20
 791.13457  1.822000E-19
 791.14940  3.784000E-19
 791.16424  3.456000E-19
 791.17907  1.506000E-19
 791.19391  9.695000E-20
 791.20874  1.318000E-19
 791.22358  2.103000E-19
 791.23841  1.904000E-19
 791.25325  1.017000E-19
 791.26808  7.062000E-20
 791.28291  6.313000E-20
 791.29775  5.561000E-20
 791.31258  5.424000E-20
 791.32742  6.980000E-20
 791.34225  1.490000E-19
 791.35709  3.440000E-19
 791.37192  3.615000E-19
 791.38676  1.648000E-19
 791.40159  9.744000E-20
 791.41642  1.496000E-19
 791.43126  2.034000E-19
 791.44609  1.407000E-19
 791.46093  6.640000E-20
 791.47576  5.071000E-20
 791.49060  4.343000E-20
 791.50543  4.332000E-20
 791.52027  4.967000E-20
 791.53510  7.241000E-20
 791.54994  1.463000E-19
 791.56477  3.386000E-19
 791.57960  3.893000E-19
 791.59444  1.971000E-19
 791.60927  1.234000E-19
 791.62411  1.825000E-19
 791.63894  1.999000E-19
 791.65378  1.184000E-19
 791.66861  6.804000E-20
 791.68345  6.765000E-20
 791.69828  6.730000E-20
 791.71312  5.932000E-20
 791.72795  5.301000E-20
 791.74278  6.412000E-20
 791.75762  1.207000E-19
 791.77245  3.073000E-19
 791.78729  3.898000E-19
 791.80212  2.078000E-19
 791.81696  1.422000E-19
 791.83179  1.969000E-19
 791.84663  1.675000E-19
 791.86146  8.230000E-20
 791.87629  4.615000E-20
 791.89113  3.955000E-20
 791.90596  4.241000E-20
 791.92080  5.374000E-20
 791.93563  6.340000E-20
 791.95047  7.906000E-20
 791.96530  1.345000E-19
 791.98014  3.137000E-19
 791.99497  4.157000E-19
 792.00981  2.495000E-19
 792.02464  1.775000E-19
 792.03947  2.024000E-19
 792.05431  1.427000E-19
 792.06914  8.083000E-20
 792.08398  6.039000E-20
 792.09881  5.460000E-20
 792.11365  5.049000E-20
 792.12848  5.457000E-20
 792.14332  5.433000E-20
 792.15815  5.905000E-20
 792.17298  1.046000E-19
 792.18782  2.820000E-19
 792.20265  4.091000E-19
 792.21749  2.677000E-19
 792.23232  1.882000E-19
 792.24716  1.705000E-19
 792.26199  9.744000E-20
 792.27683  5.685000E-20
 792.29166  4.663000E-20
 792.30650  5.065000E-20
 792.32133  5.029000E-20
 792.33616  6.232000E-20
 792.35100  7.505000E-20
 792.36583  9.141000E-20
 792.38067  1.334000E-19
 792.39550  3.046000E-19
 792.41034  4.359000E-19
 792.42517  3.098000E-19
 792.44001  1.993000E-19
 792.45484  1.440000E-19
 792.46967  8.814000E-20
 792.48451  6.288000E-20
 792.49934  5.304000E-20
 792.51418  5.395000E-20
 792.52901  4.652000E-20
 792.54385  4.855000E-20
 792.55868  5.090000E-20
 792.57352  6.359000E-20
 792.58835  1.074000E-19
 792.60319  2.895000E-19
 792.61802  4.382000E-19
 792.63285  3.212000E-19
 792.64769  1.756000E-19
 792.66252  1.113000E-19
 792.67736  7.356000E-20
 792.69219  5.172000E-20
 792.70703  4.485000E-20
 792.72186  5.171000E-20
 792.73670  5.266000E-20
 792.75153  6.516000E-20
 792.76637  7.796000E-20
 792.78120  8.911000E-20
 792.79603  1.332000E-19
 792.81087  3.148000E-19
 792.82570  4.738000E-19
 792.84054  3.244000E-19
 792.85537  1.434000E-19
 792.87021  9.277000E-20
 792.88504  6.386000E-20
 792.89988  4.866000E-20
 792.91471  4.282000E-20
 792.92954  4.394000E-20
 792.94438  4.345000E-20
 792.95921  5.233000E-20
 792.97405  5.670000E-20
 792.98888  7.027000E-20
 793.00372  1.256000E-19
 793.01855  3.290000E-19
 793.03339  4.800000E-19
 793.04822  2.791000E-19
 793.06306  1.102000E-19
 793.07789  8.375000E-20
 793.09272  5.879000E-20
 793.10756  4.712000E-20
 793.12239  4.143000E-20
 793.13723  4.566000E-20
 793.15206  5.035000E-20
 793.16690  6.815000E-20
 793.18173  7.806000E-20
 793.19657  9.013000E-20
 793.21140  1.488000E-19
 793.22623  3.506000E-19
 793.24107  4.252000E-19
 793.25590  2.121000E-19
 793.27074  9.707000E-20
 793.28557  7.768000E-20
 793.30041  5.711000E-20
 793.31524  5.502000E-20
 793.33008  5.393000E-20
 793.34491  5.302000E-20
 793.35975  5.134000E-20
 793.37458  5.813000E-20
 793.38941  6.103000E-20
 793.40425  7.311000E-20
 793.41908  1.801000E-19
 793.43392  4.330000E-19
 793.44875  4.352000E-19
 793.46359  1.912000E-19
 793.47842  9.487000E-20
 793.49326  6.949000E-20
 793.50809  4.949000E-20
 793.52293  4.289000E-20
 793.53776  4.357000E-20
 793.55259  4.967000E-20
 793.56743  5.958000E-20
 793.58226  7.283000E-20
 793.59710  7.882000E-20
 793.61193  1.063000E-19
 793.62677  2.374000E-19
 793.64160  4.257000E-19
 793.65644  3.661000E-19
 793.67127  1.576000E-19
 793.68610  8.366000E-20
 793.70094  6.884000E-20
 793.71577  6.138000E-20
 793.73061  5.578000E-20
 793.74544  5.444000E-20
 793.76028  5.728000E-20
 793.77511  5.457000E-20
 793.78995  5.502000E-20
 793.80478  6.672000E-20
 793.81962  1.258000E-19
 793.83445  2.575000E-19
 793.84928  4.000000E-19
 793.86412  3.213000E-19
 793.87895  1.334000E-19
 793.89379  6.891000E-20
 793.90862  4.972000E-20
 793.92346  4.258000E-20
 793.93829  3.605000E-20
 793.95313  4.064000E-20
 793.96796  5.536000E-20
 793.98279  6.913000E-20
 793.99763  7.925000E-20
 794.01246  1.167000E-19
 794.02730  1.789000E-19
 794.04213  2.669000E-19
 794.05697  3.809000E-19
 794.07180  2.826000E-19
 794.08664  1.136000E-19
 794.10147  6.546000E-20
 794.11631  5.322000E-20
 794.13114  5.518000E-20
 794.14597  5.135000E-20
 794.16081  5.335000E-20
 794.17564  5.156000E-20
 794.19048  5.395000E-20
 794.20531  7.350000E-20
 794.22015  1.266000E-19
 794.23498  1.488000E-19
 794.24982  2.450000E-19
 794.26465  3.642000E-19
 794.27948  2.324000E-19
 794.29432  8.777000E-20
 794.30915  5.299000E-20
 794.32399  4.593000E-20
 794.33882  4.690000E-20
 794.35366  4.690000E-20
 794.36849  5.318000E-20
 794.38333  5.882000E-20
 794.39816  8.389000E-20
 794.41300  1.339000E-19
 794.42783  1.544000E-19
 794.44266  1.488000E-19
 794.45750  2.836000E-19
 794.47233  3.590000E-19
 794.48717  1.915000E-19
 794.50200  7.302000E-20
 794.51684  4.998000E-20
 794.53167  4.491000E-20
 794.54651  4.658000E-20
 794.56134  4.185000E-20
 794.57618  4.221000E-20
 794.59101  5.205000E-20
 794.60584  9.133000E-20
 794.62068  1.201000E-19
 794.63551  9.112000E-20
 794.65035  1.272000E-19
 794.66518  3.025000E-19
 794.68002  3.215000E-19
 794.69485  1.415000E-19
 794.70969  5.630000E-20
 794.72452  4.739000E-20
 794.73935  4.550000E-20
 794.75419  4.647000E-20
 794.76902  5.153000E-20
 794.78386  6.659000E-20
 794.79869  1.049000E-19
 794.81353  1.473000E-19
 794.82836  1.180000E-19
 794.84320  9.013000E-20
 794.85803  1.834000E-19
 794.87287  3.411000E-19
 794.88770  2.712000E-19
 794.90253  9.323000E-20
 794.91737  4.510000E-20
 794.93220  4.481000E-20
 794.94704  4.709000E-20
 794.96187  4.080000E-20
 794.97671  4.252000E-20
 794.99154  6.351000E-20
 795.00638  1.069000E-19
 795.02121  9.389000E-20
 795.03604  5.448000E-20
 795.05088  7.835000E-20
 795.06571  2.195000E-19
 795.08055  3.435000E-19
 795.09538  2.064000E-19
 795.11022  6.816000E-20
 795.12505  4.897000E-20
 795.13989  4.687000E-20
 795.15472  4.374000E-20
 795.16956  4.508000E-20
 795.18439  7.116000E-20
 795.19922  1.204000E-19
 795.21406  1.270000E-19
 795.22889  7.746000E-20
 795.24373  6.537000E-20
 795.25856  1.191000E-19
 795.27340  2.791000E-19
 795.28823  3.081000E-19
 795.30307  1.320000E-19
 795.31790  4.759000E-20
 795.33274  4.302000E-20
 795.34757  3.826000E-20
 795.36240  4.261000E-20
 795.37724  5.604000E-20
 795.39207  9.677000E-20
 795.40691  1.045000E-19
 795.42174  5.577000E-20
 795.43658  3.365000E-20
 795.45141  5.193000E-20
 795.46625  1.487000E-19
 795.48108  3.067000E-19
 795.49591  2.461000E-19
 795.51075  8.639000E-20
 795.52558  4.912000E-20
 795.54042  4.436000E-20
 795.55525  3.787000E-20
 795.57009  4.524000E-20
 795.58492  8.889000E-20
 795.59976  1.150000E-19
 795.61459  8.275000E-20
 795.62943  6.009000E-20
 795.64426  6.363000E-20
 795.65909  8.922000E-20
 795.67393  2.136000E-19
 795.68876  3.048000E-19
 795.70360  1.646000E-19
 795.71843  4.650000E-20
 795.73327  3.153000E-20
 795.74810  3.079000E-20
 795.76294  4.240000E-20
 795.77777  7.758000E-20
 795.79260  1.048000E-19
 795.80744  6.721000E-20
 795.82227  3.926000E-20
 795.83711  3.388000E-20
 795.85194  4.251000E-20
 795.86678  1.112000E-19
 795.88161  2.711000E-19
 795.89645  2.727000E-19
 795.91128  1.038000E-19
 795.92612  3.896000E-20
 795.94095  3.885000E-20
 795.95578  4.340000E-20
 795.97062  6.914000E-20
 795.98545  1.006000E-19
 796.00029  7.319000E-20
 796.01512  4.618000E-20
 796.02996  4.993000E-20
 796.04479  5.311000E-20
 796.05963  7.261000E-20
 796.07446  1.797000E-19
 796.08929  2.920000E-19
 796.10413  1.802000E-19
 796.11896  5.196000E-20
 796.13380  3.289000E-20
 796.14863  3.967000E-20
 796.16347  7.008000E-20
 796.17830  9.840000E-20
 796.19314  7.693000E-20
 796.20797  4.078000E-20
 796.22281  3.410000E-20
 796.23764  3.184000E-20
 796.25247  3.856000E-20
 796.26731  9.092000E-20
 796.28214  2.300000E-19
 796.29698  2.523000E-19
 796.31181  1.044000E-19
 796.32665  3.757000E-20
 796.34148  4.017000E-20
 796.35632  6.463000E-20
 796.37115  9.357000E-20
 796.38599  7.523000E-20
 796.40082  4.595000E-20
 796.41565  3.881000E-20
 796.43049  4.338000E-20
 796.44532  5.025000E-20
 796.46016  7.073000E-20
 796.47499  1.605000E-19
 796.48983  2.661000E-19
 796.50466  1.836000E-19
 796.51950  5.620000E-20
 796.53433  3.646000E-20
 796.54916  6.291000E-20
 796.56400  9.507000E-20
 796.57883  7.188000E-20
 796.59367  4.147000E-20
 796.60850  3.359000E-20
 796.62334  3.074000E-20
 796.63817  2.596000E-20
 796.65301  3.076000E-20
 796.66784  7.386000E-20
 796.68268  1.941000E-19
 796.69751  2.243000E-19
 796.71234  9.551000E-20
 796.72718  3.813000E-20
 796.74201  6.122000E-20
 796.75685  8.764000E-20
 796.77168  6.969000E-20
 796.78652  4.415000E-20
 796.80135  4.053000E-20
 796.81619  4.309000E-20
 796.83102  4.808000E-20
 796.84585  5.194000E-20
 796.86069  7.219000E-20
 796.87552  1.475000E-19
 796.89036  2.378000E-19
 796.90519  1.606000E-19
 796.92003  5.261000E-20
 796.93486  5.150000E-20
 796.94970  7.028000E-20
 796.96453  5.057000E-20
 796.97937  2.757000E-20
 796.99420  2.873000E-20
 797.00903  2.812000E-20
 797.02387  2.942000E-20
 797.03870  2.859000E-20
 797.05354  3.527000E-20
 797.06837  7.466000E-20
 797.08321  1.809000E-19
 797.09804  1.972000E-19
 797.11288  8.646000E-20
 797.12771  6.082000E-20
 797.14255  8.508000E-20
 797.15738  6.690000E-20
 797.17221  4.245000E-20
 797.18705  3.764000E-20
 797.20188  3.761000E-20
 797.21672  4.090000E-20
 797.23155  4.553000E-20
 797.24639  4.941000E-20
 797.26122  6.822000E-20
 797.27606  1.445000E-19
 797.29089  2.170000E-19
 797.30572  1.381000E-19
 797.32056  6.432000E-20
 797.33539  6.612000E-20
 797.35023  4.158000E-20
 797.36506  2.276000E-20
 797.37990  2.134000E-20
 797.39473  2.616000E-20
 797.40957  2.782000E-20
 797.42440  2.879000E-20
 797.43924  2.973000E-20
 797.45407  3.756000E-20
 797.46890  8.127000E-20
 797.48374  1.801000E-19
 797.49857  1.796000E-19
 797.51341  9.954000E-20
 797.52824  7.983000E-20
 797.54308  5.908000E-20
 797.55791  4.446000E-20
 797.57275  3.981000E-20
 797.58758  4.012000E-20
 797.60241  3.716000E-20
 797.61725  3.282000E-20
 797.63208  3.207000E-20
 797.64692  3.921000E-20
 797.66175  6.372000E-20
 797.67659  1.469000E-19
 797.69142  2.024000E-19
 797.70626  1.326000E-19
 797.72109  7.058000E-20
 797.73593  3.670000E-20
 797.75076  3.670000E-20
 797.76559  2.214000E-20
 797.78043  2.245000E-20
 797.79526  2.361000E-20
 797.81010  2.776000E-20
 797.82493  3.296000E-20
 797.83977  3.336000E-20
 797.85460  3.990000E-20
 797.86944  9.357000E-20
 797.88427  1.820000E-19
 797.89911  1.532000E-19
 797.91394  6.623000E-20
 797.92877  3.527000E-20
 797.94361  3.421000E-20
 797.95844  3.703000E-20
 797.97328  3.564000E-20
 797.98811  2.999000E-20
 798.00295  2.377000E-20
 798.01778  2.509000E-20
 798.03262  2.978000E-20
 798.04745  3.415000E-20
 798.06228  6.665000E-20
 798.07712  1.640000E-19
 798.09195  1.837000E-19
 798.10679  8.003000E-20
 798.12162  2.459000E-20
 798.13646  1.794000E-20
 798.15129  1.498000E-20
 798.16613  1.482000E-20
 798.18096  1.776000E-20
 798.19580  1.811000E-20
 798.21063  2.038000E-20
 798.22546  2.680000E-20
 798.24030  2.841000E-20
 798.25513  4.299000E-20
 798.26997  1.242000E-19
 798.28480  1.825000E-19
 798.29964  9.304000E-20
 798.31447  2.177000E-20
 798.32931  1.991000E-20
 798.34414  2.871000E-20
 798.35897  3.502000E-20
 798.37381  3.303000E-20
 798.38864  3.006000E-20
 798.40348  2.801000E-20
 798.41831  2.847000E-20
 798.43315  2.891000E-20
 798.44798  4.010000E-20
 798.46282  1.031000E-19
 798.47765  1.742000E-19
 798.49249  1.153000E-19
 798.50732  3.787000E-20
 798.52215  2.655000E-20
 798.53699  2.418000E-20
 798.55182  2.120000E-20
 798.56666  2.132000E-20
 798.58149  2.401000E-20
 798.59633  2.451000E-20
 798.61116  2.825000E-20
 798.62600  3.259000E-20
 798.64083  4.119000E-20
 798.65566  8.795000E-20
 798.67050  1.566000E-19
 798.68533  1.187000E-19
 798.70017  3.418000E-20
 798.71500  1.449000E-20
 798.72984  1.537000E-20
 798.74467  1.899000E-20
 798.75951  2.233000E-20
 798.77434  2.573000E-20
 798.78918  2.500000E-20
 798.80401  2.700000E-20
 798.81884  2.640000E-20
 798.83368  3.350000E-20
 798.84851  7.258000E-20
 798.86335  1.384000E-19
 798.87818  1.326000E-19
 798.89302  6.011000E-20
 798.90785  3.328000E-20
 798.92269  3.111000E-20
 798.93752  2.434000E-20
 798.95236  1.952000E-20
 798.96719  1.658000E-20
 798.98202  1.406000E-20
 798.99686  1.595000E-20
 799.01169  1.958000E-20
 799.02653  2.628000E-20
 799.04136  4.691000E-20
 799.05620  9.618000E-20
 799.07103  1.196000E-19
 799.08587  5.636000E-20
 799.10070  9.704000E-21
 799.11553  4.754000E-21
 799.13037  7.804000E-21
 799.14520  1.339000E-20
 799.16004  2.053000E-20
 799.17487  2.508000E-20
 799.18971  2.853000E-20
 799.20454  3.711000E-20
 799.21938  4.844000E-20
 799.23421  5.451000E-20
 799.24905  8.356000E-20
 799.26388  1.177000E-19
 799.27871  6.855000E-20
 799.29355  2.436000E-20
 799.30838  2.263000E-20
 799.32322  2.257000E-20
 799.33805  1.967000E-20
 799.35289  1.654000E-20
 799.36772  1.158000E-20
 799.38256  1.009000E-20
 799.39739  1.495000E-20
 799.41222  2.146000E-20
 799.42706  2.284000E-20
 799.44189  5.179000E-20
 799.45673  1.009000E-19
 799.47156  6.989000E-20
 799.48640  1.654000E-20
 799.50123  6.306000E-21
 799.51607  5.429000E-21
 799.53090  7.931000E-21
 799.54574  1.080000E-20
 799.56057  2.102000E-20
 799.57540  3.205000E-20
 799.59024  4.351000E-20
 799.60507  4.720000E-20
 799.61991  3.969000E-20
 799.63474  5.471000E-20
 799.64958  9.696000E-20
 799.66441  7.298000E-20
 799.67925  2.022000E-20
 799.69408  8.728000E-21
 799.70892  1.034000E-20
 799.72375  1.244000E-20
 799.73858  1.145000E-20
 799.75342  1.019000E-20
 799.76825  1.522000E-20
 799.78309  2.317000E-20
 799.79792  1.694000E-20
 799.81276  7.716000E-21
 799.82759  2.900000E-20
 799.84243  8.249000E-20
 799.85726  7.433000E-20
 799.87209  2.704000E-20
 799.88693  1.520000E-20
 799.90176  1.355000E-20
 799.91660  1.248000E-20
 799.93143  8.880000E-21
 799.94627  1.207000E-20
 799.96110  2.490000E-20
 799.97594  4.050000E-20
 799.99077  3.686000E-20
 800.00561  3.094000E-20
 800.02044  4.861000E-20
 800.03527  8.864000E-20
 800.05011  7.740000E-20
 800.06494  2.504000E-20
 800.07978  8.493000E-21
 800.09461  1.117000E-20
 800.10945  1.220000E-20
 800.12428  1.165000E-20
 800.13912  1.932000E-20
 800.15395  2.841000E-20
 800.16878  2.772000E-20
 800.18362  1.360000E-20
 800.19845  6.440000E-21
 800.21329  1.948000E-20
 800.22812  6.369000E-20
 800.24296  6.769000E-20
 800.25779  2.752000E-20
 800.27263  1.389000E-20
 800.28746  1.317000E-20
 800.30230  1.244000E-20
 800.31713  1.304000E-20
 800.33196  1.304000E-20
 800.34680  3.016000E-20
 800.36163  2.973000E-20
 800.37647  2.069000E-20
 800.39130  1.984000E-20
 800.40614  3.528000E-20
 800.42097  7.100000E-20
 800.43581  7.443000E-20
 800.45064  3.214000E-20
 800.46547  1.005000E-20
 800.48031  4.862000E-21
 800.49514  3.516000E-21
 800.50998  8.239000E-21
 800.52481  1.889000E-20
 800.53965  2.274000E-20
 800.55448  1.542000E-20
 800.56932  1.187000E-20
 800.58415  1.018000E-20
 800.59899  1.857000E-20
 800.61382  5.307000E-20
 800.62865  5.628000E-20
 800.64349  2.011000E-20
 800.65832  9.603000E-21
 800.67316  1.412000E-20
 800.68799  1.456000E-20
 800.70283  1.546000E-20
 800.71766  2.002000E-20
 800.73250  1.605000E-20
 800.74733  8.994000E-21
 800.76217  9.039000E-21
 800.77700  1.293000E-20
 800.79183  2.613000E-20
 800.80667  5.706000E-20
 800.82150  5.962000E-20
 800.83634  2.545000E-20
 800.85117  1.223000E-20
 800.86601  1.296000E-20
 800.88084  1.398000E-20
 800.89568  1.420000E-20
 800.91051  1.749000E-20
 800.92534  1.238000E-20
 800.94018  7.821000E-21
 800.95501  7.069000E-21
 800.96985  1.042000E-20
 800.98468  2.349000E-20
 800.99952  4.741000E-20
 801.01435  4.084000E-20
 801.02919  1.148000E-20
 801.04402  4.983000E-21
 801.05886  5.506000E-21
 801.07369  6.867000E-21
 801.08852  1.307000E-20
 801.10336  1.372000E-20
 801.11819  8.159000E-21
 801.13303  6.840000E-21
 801.14786  6.353000E-21
 801.16270  8.906000E-21
 801.17753  2.448000E-20
 801.19237  5.294000E-20
 801.20720  5.060000E-20
 801.22203  2.450000E-20
 801.23687  1.804000E-20
 801.25170  1.905000E-20
 801.26654  2.228000E-20
 801.28137  1.988000E-20
 801.29621  1.248000E-20
 801.31104  1.016000E-20
 801.32588  1.046000E-20
 801.34071  1.272000E-20
 801.35555  1.640000E-20
 801.37038  2.882000E-20
 801.38521  4.780000E-20
 801.40005  3.642000E-20
 801.41488  5.354000E-21
 801.42972  0.000000E+00
 801.44455  0.000000E+00
 801.45939  3.203000E-21
 801.47422  5.542000E-21
 801.48906  7.048000E-21
 801.50389  7.245000E-21
 801.51873  9.865000E-21
 801.53356  9.043000E-21
 801.54839  9.621000E-21
 801.56323  2.535000E-20
 801.57806  4.535000E-20
 801.59290  3.395000E-20
 801.60773  1.760000E-20
 801.62257  2.125000E-20
 801.63740  2.918000E-20
 801.65224  2.774000E-20
 801.66707  2.118000E-20
 801.68190  1.710000E-20
 801.69674  9.695000E-21
 801.71157  9.695000E-21
 801.72641  6.148000E-21
 801.74124  1.249000E-20
 801.75608  2.486000E-20
 801.77091  3.831000E-20
 801.78575  2.535000E-20
 801.80058  7.149000E-21
 801.81542  1.683000E-21
 801.83025  0.000000E+00
 801.84508  0.000000E+00
 801.85992  0.000000E+00
 801.87475  0.000000E+00
 801.88959  0.000000E+00
 801.90442  0.000000E+00
 801.91926  7.967000E-21
 801.93409  1.212000E-20
 801.94893  2.696000E-20
 801.96376  3.730000E-20
 801.97859  2.191000E-20
 801.99343  1.353000E-20
 802.00826  1.829000E-20
 802.02310  2.320000E-20
 802.03793  2.698000E-20
 802.05277  2.489000E-20
 802.06760  2.228000E-20
 802.08244  1.691000E-20
 802.09727  1.142000E-20
 802.11211  9.849000E-21
 802.12694  1.125000E-20
 802.14177  2.451000E-20
 802.15661  3.008000E-20
 802.17144  1.220000E-20
 802.18628  3.952000E-21
 802.20111  2.368000E-21
 802.21595  1.804000E-22
 802.23078  0.000000E+00
 802.24562  0.000000E+00
 802.26045  0.000000E+00
 802.27528  0.000000E+00
 802.29012  4.715000E-21
 802.30495  8.369000E-21
 802.31979  1.804000E-20
 802.33462  3.741000E-20
 802.34946  4.064000E-20
 802.36429  2.224000E-20
 802.37913  7.522000E-21
 802.39396  3.083000E-21
 802.40880  6.618000E-21
 802.42363  9.317000E-21
 802.43846  1.112000E-20
 802.45330  1.006000E-20
 802.46813  9.665000E-21
 802.48297  1.061000E-20
 802.49780  1.175000E-20
 802.51264  1.745000E-20
 802.52747  2.725000E-20
 802.54231  2.187000E-20
 802.55714  9.124000E-21
 802.57198  9.124000E-21
 802.58681  5.894000E-21
 802.60164  7.293000E-21
 802.61648  2.429000E-21
 802.63131  0.000000E+00
 802.64615  0.000000E+00
 802.66098  0.000000E+00
 802.67582  0.000000E+00
 802.69065  0.000000E+00
 802.70549  1.485000E-20
 802.72032  3.472000E-20
 802.73515  2.864000E-20
 802.74999  1.690000E-20
 802.76482  1.098000E-20
 802.77966  7.972000E-21
 802.79449  6.321000E-21
 802.80933  5.550000E-21
 802.82416  7.353000E-21
 802.83900  1.032000E-20
 802.85383  1.073000E-20
 802.86867  1.268000E-20
 802.88350  1.876000E-20
 802.89833  2.467000E-20
 802.91317  2.319000E-20
 802.92800  8.042000E-21
 802.94284  0.000000E+00
 802.95767  1.401000E-22
 802.97251  8.952000E-21
 802.98734  1.350000E-20
 803.00218  1.239000E-20
 803.01701  8.896000E-21
 803.03184  4.341000E-21
 803.04668  0.000000E+00
 803.06151  0.000000E+00
 803.07635  7.854000E-21
 803.09118  2.177000E-20
 803.10602  1.985000E-20
 803.12085  1.079000E-20
 803.13569  1.015000E-20
 803.15052  9.871000E-21
 803.16536  9.130000E-21
 803.18019  8.185000E-21
 803.19502  5.335000E-21
 803.20986  5.693000E-21
 803.22469  4.898000E-21
 803.23953  7.569000E-21
 803.25436  1.461000E-20
 803.26920  2.694000E-20
 803.28403  3.441000E-20
 803.29887  2.230000E-20
 803.31370  1.023000E-20
 803.32854  3.761000E-21
 803.34337  6.080000E-23
 803.35820  1.110000E-21
 803.37304  1.576000E-21
 803.38787  2.114000E-21
 803.40271  3.453000E-21
 803.41754  3.794000E-21
 803.43238  4.842000E-21
 803.44721  4.755000E-21
 803.46205  9.299000E-21
 803.47688  1.142000E-20
 803.49171  3.812000E-21
 803.50655  3.638000E-22
 803.52138  8.929000E-22
 803.53622  3.146000E-21
 803.55105  6.557000E-21
 803.56589  6.760000E-21
 803.58072  3.103000E-21
 803.59556  0.000000E+00
 803.61039  8.584000E-22
 803.62523  6.046000E-21
 803.64006  1.806000E-20
 803.65489  2.590000E-20
 803.66973  2.238000E-20
 803.68456  1.713000E-20
 803.69940  1.375000E-20
 803.71423  9.705000E-21
 803.72907  6.971000E-21
 803.74390  3.634000E-21
 803.75874  1.238000E-21
 803.77357  0.000000E+00
 803.78840  6.794000E-22
 803.80324  5.581000E-21
 803.81807  8.784000E-21
 803.83291  1.141000E-20
 803.84774  1.358000E-20
 803.86258  2.734000E-21
 803.87741  0.000000E+00
 803.89225  0.000000E+00
 803.90708  0.000000E+00
 803.92192  1.213000E-22
 803.93675  1.634000E-21
 803.95158  3.193000E-21
 803.96642  7.831000E-21
 803.98125  9.031000E-21
 803.99609  9.055000E-21
 804.01092  1.236000E-20
 804.02576  1.545000E-20
 804.04059  1.480000E-20
 804.05543  1.409000E-20
 804.07026  1.496000E-20
 804.08509  1.672000E-20
 804.09993  1.660000E-20
 804.11476  1.477000E-20
 804.12960  9.859000E-21
 804.14443  4.061000E-21
 804.15927  1.643000E-21
 804.17410  0.000000E+00
 804.18894  0.000000E+00
 804.20377  2.576000E-21
 804.21861  9.783000E-21
 804.23344  4.325000E-21
 804.24827  0.000000E+00
 804.26311  0.000000E+00
 804.27794  0.000000E+00
 804.29278  0.000000E+00
 804.30761  0.000000E+00
 804.32245  0.000000E+00
 804.33728  0.000000E+00
 804.35212  1.150000E-20
 804.36695  1.253000E-20
 804.38179  1.757000E-20
 804.39662  2.340000E-20
 804.41145  1.636000E-20
 804.42629  9.828000E-21
 804.44112  1.188000E-20
 804.45596  1.188000E-20
 804.47079  1.521000E-20
 804.48563  1.502000E-20
 804.50046  1.489000E-20
 804.51530  1.313000E-20
 804.53013  6.534000E-21
 804.54496  0.000000E+00
 804.55980  0.000000E+00
 804.57463  1.456000E-21
 804.58947  2.291000E-21
 804.60430  0.000000E+00
 804.61914  0.000000E+00
 804.63397  0.000000E+00
 804.64881  0.000000E+00
 804.66364  0.000000E+00
 804.67848  0.000000E+00
 804.69331  0.000000E+00
 804.70814  0.000000E+00
 804.72298  0.000000E+00
 804.73781  2.587000E-21
 804.75265  8.130000E-21
 804.76748  1.625000E-20
 804.78232  1.730000E-20
 804.79715  1.328000E-20
 804.81199  1.019000E-20
 804.82682  6.140000E-21
 804.84165  6.840000E-21
 804.85649  1.023000E-20
 804.87132  8.817000E-21
 804.88616  4.824000E-21
 804.90099  5.810000E-21
 804.91583  4.253000E-21
 804.93066  2.952000E-21
 804.94550  5.921000E-21
 804.96033  3.565000E-21
 804.97517  0.000000E+00
 804.99000  0.000000E+00
