 765.01100  7.263000E-21
 765.02583  2.732000E-20
 765.04067  4.946000E-20
 765.05550  4.574000E-20
 765.07034  4.168000E-20
 765.08517  3.730000E-20
 765.10001  2.852000E-20
 765.11484  2.218000E-20
 765.12968  1.711000E-20
 765.14451  1.514000E-20
 765.15935  1.133000E-20
 765.17418  1.228000E-20
 765.18901  1.453000E-20
 765.20385  1.217000E-20
 765.21868  1.160000E-20
 765.23352  1.326000E-20
 765.24835  1.644000E-20
 765.26319  2.480000E-20
 765.27802  4.580000E-20
 765.29286  5.402000E-20
 765.30769  4.428000E-20
 765.32252  3.335000E-20
 765.33736  1.898000E-20
 765.35219  1.898000E-20
 765.36703  1.137000E-20
 765.38186  9.502000E-21
 765.39670  9.160000E-21
 765.41153  1.099000E-20
 765.42637  1.264000E-20
 765.44120  1.513000E-20
 765.45604  1.557000E-20
 765.47087  1.607000E-20
 765.48570  2.039000E-20
 765.50054  2.337000E-20
 765.51537  4.031000E-20
 765.53021  6.932000E-20
 765.54504  7.214000E-20
 765.55988  5.268000E-20
 765.57471  2.534000E-20
 765.58955  7.147000E-21
 765.60438  5.274000E-21
 765.61921  7.290000E-21
 765.63405  6.511000E-21
 765.64888  5.314000E-21
 765.66372  5.281000E-21
 765.67855  4.531000E-21
 765.69339  3.898000E-21
 765.70822  2.352000E-21
 765.72306  6.660000E-21
 765.73789  1.110000E-20
 765.75273  1.981000E-20
 765.76756  5.315000E-20
 765.78239  8.716000E-20
 765.79723  7.885000E-20
 765.81206  4.767000E-20
 765.82690  2.376000E-20
 765.84173  1.310000E-20
 765.85657  7.767000E-21
 765.87140  7.493000E-21
 765.88624  9.794000E-21
 765.90107  1.158000E-20
 765.91591  1.239000E-20
 765.93074  1.445000E-20
 765.94557  1.253000E-20
 765.96041  9.479000E-21
 765.97524  1.118000E-20
 765.99008  1.418000E-20
 766.00491  3.057000E-20
 766.01975  7.772000E-20
 766.03458  9.802000E-20
 766.04942  6.389000E-20
 766.06425  3.267000E-20
 766.07908  1.774000E-20
 766.09392  1.041000E-20
 766.10875  5.644000E-21
 766.12359  4.167000E-21
 766.13842  7.154000E-21
 766.15326  9.914000E-21
 766.16809  1.386000E-20
 766.18293  1.733000E-20
 766.19776  1.821000E-20
 766.21260  2.004000E-20
 766.22743  1.899000E-20
 766.24226  2.120000E-20
 766.25710  6.164000E-20
 766.27193  1.078000E-19
 766.28677  8.270000E-20
 766.30160  4.074000E-20
 766.31644  2.459000E-20
 766.33127  1.838000E-20
 766.34611  1.271000E-20
 766.36094  6.340000E-21
 766.37577  2.724000E-21
 766.39061  6.022000E-21
 766.40544  1.149000E-20
 766.42028  1.279000E-20
 766.43511  1.374000E-20
 766.44995  1.924000E-20
 766.46478  2.493000E-20
 766.47962  2.675000E-20
 766.49445  5.479000E-20
 766.50929  1.119000E-19
 766.52412  1.142000E-19
 766.53895  6.474000E-20
 766.55379  3.465000E-20
 766.56862  2.143000E-20
 766.58346  1.566000E-20
 766.59829  1.169000E-20
 766.61313  1.314000E-20
 766.62796  1.280000E-20
 766.64280  1.438000E-20
 766.65763  1.245000E-20
 766.67246  6.564000E-21
 766.68730  6.770000E-21
 766.70213  1.398000E-20
 766.71697  2.037000E-20
 766.73180  4.304000E-20
 766.74664  9.567000E-20
 766.76147  1.293000E-19
 766.77631  9.086000E-20
 766.79114  4.541000E-20
 766.80598  2.554000E-20
 766.82081  1.799000E-20
 766.83564  1.400000E-20
 766.85048  1.156000E-20
 766.86531  1.486000E-20
 766.88015  2.071000E-20
 766.89498  2.021000E-20
 766.90982  1.460000E-20
 766.92465  8.126000E-21
 766.93949  4.221000E-21
 766.95432  8.546000E-21
 766.96916  2.959000E-20
 766.98399  7.378000E-20
 766.99882  1.193000E-19
 767.01366  1.151000E-19
 767.02849  6.867000E-20
 767.04333  3.745000E-20
 767.05816  2.097000E-20
 767.07300  1.277000E-20
 767.08783  9.758000E-21
 767.10267  1.051000E-20
 767.11750  1.452000E-20
 767.13233  2.342000E-20
 767.14717  2.665000E-20
 767.16200  2.226000E-20
 767.17684  1.740000E-20
 767.19167  2.133000E-20
 767.20651  3.974000E-20
 767.22134  6.835000E-20
 767.23618  9.724000E-20
 767.25101  1.222000E-19
 767.26585  9.805000E-20
 767.28068  5.058000E-20
 767.29551  2.637000E-20
 767.31035  1.439000E-20
 767.32518  7.825000E-21
 767.34002  6.755000E-21
 767.35485  9.665000E-21
 767.36969  1.495000E-20
 767.38452  1.824000E-20
 767.39936  1.840000E-20
 767.41419  1.898000E-20
 767.42902  2.391000E-20
 767.44386  4.262000E-20
 767.45869  6.901000E-20
 767.47353  8.175000E-20
 767.48836  8.175000E-20
 767.50320  1.278000E-19
 767.51803  7.815000E-20
 767.53287  4.009000E-20
 767.54770  2.600000E-20
 767.56254  2.176000E-20
 767.57737  1.626000E-20
 767.59220  1.580000E-20
 767.60704  2.416000E-20
 767.62187  2.323000E-20
 767.63671  1.657000E-20
 767.65154  1.474000E-20
 767.66638  1.841000E-20
 767.68121  4.236000E-20
 767.69605  7.093000E-20
 767.71088  6.795000E-20
 767.72572  8.305000E-20
 767.74055  1.257000E-19
 767.75538  9.851000E-20
 767.77022  4.789000E-20
 767.78505  2.660000E-20
 767.79989  2.186000E-20
 767.81472  2.269000E-20
 767.82956  2.468000E-20
 767.84439  2.950000E-20
 767.85923  3.223000E-20
 767.87406  2.756000E-20
 767.88889  2.182000E-20
 767.90373  2.596000E-20
 767.91856  5.335000E-20
 767.93340  8.373000E-20
 767.94823  7.388000E-20
 767.96307  7.514000E-20
 767.97790  1.280000E-19
 767.99274  1.325000E-19
 768.00757  7.322000E-20
 768.02241  3.009000E-20
 768.03724  1.312000E-20
 768.05207  8.862000E-21
 768.06691  9.180000E-21
 768.08174  2.056000E-20
 768.09658  3.058000E-20
 768.11141  2.990000E-20
 768.12625  2.432000E-20
 768.14108  2.486000E-20
 768.15592  5.053000E-20
 768.17075  8.428000E-20
 768.18558  7.563000E-20
 768.20042  6.315000E-20
 768.21525  1.097000E-19
 768.23009  1.571000E-19
 768.24492  1.127000E-19
 768.25976  5.683000E-20
 768.27459  3.183000E-20
 768.28943  2.125000E-20
 768.30426  1.589000E-20
 768.31910  1.879000E-20
 768.33393  2.637000E-20
 768.34876  2.645000E-20
 768.36360  2.080000E-20
 768.37843  2.296000E-20
 768.39327  5.483000E-20
 768.40810  8.484000E-20
 768.42294  6.212000E-20
 768.43777  3.879000E-20
 768.45261  7.149000E-20
 768.46744  1.465000E-19
 768.48227  1.401000E-19
 768.49711  7.455000E-20
 768.51194  4.096000E-20
 768.52678  2.927000E-20
 768.54161  2.616000E-20
 768.55645  2.733000E-20
 768.57128  3.280000E-20
 768.58612  3.157000E-20
 768.60095  2.637000E-20
 768.61579  3.379000E-20
 768.63062  6.969000E-20
 768.64545  9.886000E-20
 768.66029  7.536000E-20
 768.67512  4.450000E-20
 768.68996  5.481000E-20
 768.70479  1.273000E-19
 768.71963  1.663000E-19
 768.73446  1.663000E-19
 768.74930  5.076000E-20
 768.76413  3.264000E-20
 768.77897  2.531000E-20
 768.79380  2.150000E-20
 768.80863  2.782000E-20
 768.82347  2.669000E-20
 768.83830  2.046000E-20
 768.85314  2.706000E-20
 768.86797  6.807000E-20
 768.88281  9.278000E-20
 768.89764  6.870000E-20
 768.91248  4.483000E-20
 768.92731  4.957000E-20
 768.94214  1.109000E-19
 768.95698  1.840000E-19
 768.97181  1.399000E-19
 768.98665  6.760000E-20
 769.00148  3.392000E-20
 769.01632  2.505000E-20
 769.03115  2.657000E-20
 769.04599  3.241000E-20
 769.06082  3.300000E-20
 769.07566  2.560000E-20
 769.09049  2.979000E-20
 769.10532  7.204000E-20
 769.12016  8.850000E-20
 769.13499  5.693000E-20
 769.14983  3.352000E-20
 769.16466  3.359000E-20
 769.17950  8.335000E-20
 769.19433  1.820000E-19
 769.20917  1.789000E-19
 769.22400  9.396000E-20
 769.23883  4.646000E-20
 769.25367  3.038000E-20
 769.26850  2.622000E-20
 769.28334  2.668000E-20
 769.29817  3.120000E-20
 769.31301  3.310000E-20
 769.32784  4.731000E-20
 769.34268  8.997000E-20
 769.35751  9.233000E-20
 769.37235  5.494000E-20
 769.38718  3.300000E-20
 769.40201  2.363000E-20
 769.41685  5.093000E-20
 769.43168  1.553000E-19
 769.44652  2.070000E-19
 769.46135  1.247000E-19
 769.47619  5.843000E-20
 769.49102  3.857000E-20
 769.50586  3.063000E-20
 769.52069  2.934000E-20
 769.53553  3.354000E-20
 769.55036  3.400000E-20
 769.56519  6.210000E-20
 769.58003  1.092000E-19
 769.59486  9.801000E-20
 769.60970  5.769000E-20
 769.62453  4.012000E-20
 769.63937  2.885000E-20
 769.65420  4.250000E-20
 769.66904  1.318000E-19
 769.68387  2.231000E-19
 769.69870  1.586000E-19
 769.71354  7.013000E-20
 769.72837  4.014000E-20
 769.74321  3.331000E-20
 769.75804  3.051000E-20
 769.77288  3.193000E-20
 769.78771  3.494000E-20
 769.80255  7.089000E-20
 769.81738  1.111000E-19
 769.83222  8.443000E-20
 769.84705  4.526000E-20
 769.86188  3.839000E-20
 769.87672  3.498000E-20
 769.89155  4.297000E-20
 769.90639  1.152000E-19
 769.92122  2.303000E-19
 769.93606  2.050000E-19
 769.95089  1.032000E-19
 769.96573  5.566000E-20
 769.98056  4.116000E-20
 769.99539  3.705000E-20
 770.01023  3.859000E-20
 770.02506  4.651000E-20
 770.03990  9.069000E-20
 770.05473  1.149000E-19
 770.06957  7.124000E-20
 770.08440  3.404000E-20
 770.09924  2.883000E-20
 770.11407  2.563000E-20
 770.12891  2.987000E-20
 770.14374  8.328000E-20
 770.15857  2.105000E-19
 770.17341  2.305000E-19
 770.18824  1.237000E-19
 770.20308  6.068000E-20
 770.21791  3.680000E-20
 770.23275  2.794000E-20
 770.24758  3.590000E-20
 770.26242  6.454000E-20
 770.27725  1.204000E-19
 770.29208  1.224000E-19
 770.30692  6.216000E-20
 770.32175  3.396000E-20
 770.33659  3.609000E-20
 770.35142  3.575000E-20
 770.36626  3.314000E-20
 770.38109  7.164000E-20
 770.39593  1.965000E-19
 770.41076  2.614000E-19
 770.42560  1.589000E-19
 770.44043  6.847000E-20
 770.45526  3.359000E-20
 770.47010  1.800000E-20
 770.48493  2.339000E-20
 770.49977  6.879000E-20
 770.51460  1.275000E-19
 770.52944  1.054000E-19
 770.54427  4.760000E-20
 770.55911  3.353000E-20
 770.57394  4.280000E-20
 770.58878  4.724000E-20
 770.60361  4.097000E-20
 770.61844  6.244000E-20
 770.63328  1.749000E-19
 770.64811  2.786000E-19
 770.66295  1.992000E-19
 770.67778  9.513000E-20
 770.69262  5.454000E-20
 770.70745  3.943000E-20
 770.72229  5.109000E-20
 770.73712  1.037000E-19
 770.75195  1.394000E-19
 770.76679  8.389000E-20
 770.78162  2.759000E-20
 770.79646  2.271000E-20
 770.81129  3.542000E-20
 770.82613  4.065000E-20
 770.84096  3.609000E-20
 770.85580  5.285000E-20
 770.87063  1.525000E-19
 770.88547  2.855000E-19
 770.90030  2.319000E-19
 770.91513  1.083000E-19
 770.92997  5.068000E-20
 770.94480  3.360000E-20
 770.95964  6.066000E-20
 770.97447  1.325000E-19
 770.98931  1.458000E-19
 771.00414  7.240000E-20
 771.01898  2.469000E-20
 771.03381  2.143000E-20
 771.04864  3.265000E-20
 771.06348  3.948000E-20
 771.07831  3.872000E-20
 771.09315  4.879000E-20
 771.10798  1.390000E-19
 771.12282  2.908000E-19
 771.13765  2.651000E-19
 771.15249  1.240000E-19
 771.16732  4.880000E-20
 771.18216  3.061000E-20
 771.19699  7.849000E-20
 771.21182  1.569000E-19
 771.22666  1.343000E-19
 771.24149  4.994000E-20
 771.25633  1.694000E-20
 771.27116  1.968000E-20
 771.28600  3.062000E-20
 771.30083  3.259000E-20
 771.31567  3.597000E-20
 771.33050  4.615000E-20
 771.34534  1.275000E-19
 771.36017  2.948000E-19
 771.37500  3.052000E-19
 771.38984  1.541000E-19
 771.40467  6.246000E-20
 771.41951  4.531000E-20
 771.43434  1.075000E-19
 771.44918  1.656000E-19
 771.46401  1.048000E-19
 771.47885  3.430000E-20
 771.49368  2.213000E-20
 771.50851  2.943000E-20
 771.52335  3.893000E-20
 771.53818  4.357000E-20
 771.55302  4.454000E-20
 771.56785  4.799000E-20
 771.58269  1.142000E-19
 771.59752  2.852000E-19
 771.61236  3.281000E-19
 771.62719  1.735000E-19
 771.64203  7.087000E-20
 771.65686  7.196000E-20
 771.67169  1.573000E-19
 771.68653  1.755000E-19
 771.70136  8.098000E-20
 771.71620  2.430000E-20
 771.73103  1.602000E-20
 771.74587  2.120000E-20
 771.76070  3.412000E-20
 771.77554  4.433000E-20
 771.79037  4.576000E-20
 771.80520  4.989000E-20
 771.82004  1.086000E-19
 771.83487  2.787000E-19
 771.84971  3.428000E-19
 771.86454  1.837000E-19
 771.87938  7.357000E-20
 771.89421  9.938000E-20
 771.90905  1.806000E-19
 771.92388  1.806000E-19
 771.93872  5.847000E-20
 771.95355  2.979000E-20
 771.96838  2.359000E-20
 771.98322  2.528000E-20
 771.99805  3.489000E-20
 772.01289  4.489000E-20
 772.02772  4.535000E-20
 772.04256  5.156000E-20
 772.05739  1.042000E-19
 772.07223  2.763000E-19
 772.08706  3.560000E-19
 772.10189  1.978000E-19
 772.11673  8.786000E-20
 772.13156  1.291000E-19
 772.14640  1.733000E-19
 772.16123  1.016000E-19
 772.17607  3.599000E-20
 772.19090  1.893000E-20
 772.20574  1.483000E-20
 772.22057  2.264000E-20
 772.23541  3.397000E-20
 772.25024  4.568000E-20
 772.26507  4.974000E-20
 772.27991  5.474000E-20
 772.29474  1.059000E-19
 772.30958  2.822000E-19
 772.32441  3.799000E-19
 772.33925  2.247000E-19
 772.35408  1.307000E-19
 772.36892  1.831000E-19
 772.38375  1.598000E-19
 772.39859  6.791000E-20
 772.41342  2.582000E-20
 772.42825  1.938000E-20
 772.44309  1.912000E-20
 772.45792  2.561000E-20
 772.47276  3.623000E-20
 772.48759  4.766000E-20
 772.50243  4.928000E-20
 772.51726  4.850000E-20
 772.53210  9.379000E-20
 772.54693  2.686000E-19
 772.56176  3.816000E-19
 772.57660  2.471000E-19
 772.59143  1.799000E-19
 772.60627  1.937000E-19
 772.62110  1.176000E-19
 772.63594  5.059000E-20
 772.65077  2.663000E-20
 772.66561  2.346000E-20
 772.68044  2.390000E-20
 772.69528  3.406000E-20
 772.71011  3.406000E-20
 772.72494  6.275000E-20
 772.73978  6.245000E-20
 772.75461  6.195000E-20
 772.76945  1.035000E-19
 772.78428  2.727000E-19
 772.79912  3.916000E-19
 772.81395  2.766000E-19
 772.82879  2.100000E-19
 772.84362  1.578000E-19
 772.85845  7.078000E-20
 772.87329  4.084000E-20
 772.88812  2.398000E-20
 772.90296  1.762000E-20
 772.91779  1.387000E-20
 772.93263  2.363000E-20
 772.94746  3.832000E-20
 772.96230  5.642000E-20
 772.97713  6.020000E-20
 772.99197  6.453000E-20
 773.00680  1.125000E-19
 773.02163  2.981000E-19
 773.03647  4.369000E-19
 773.05130  3.466000E-19
 773.06614  2.292000E-19
 773.08097  1.110000E-19
 773.09581  5.104000E-20
 773.11064  3.913000E-20
 773.12548  2.420000E-20
 773.14031  2.164000E-20
 773.15515  2.240000E-20
 773.16998  3.274000E-20
 773.18481  4.348000E-20
 773.19965  5.434000E-20
 773.21448  5.474000E-20
 773.22932  5.998000E-20
 773.24415  1.066000E-19
 773.25899  3.034000E-19
 773.27382  4.813000E-19
 773.28866  3.828000E-19
 773.30349  1.797000E-19
 773.31832  6.383000E-20
 773.33316  4.601000E-20
 773.34799  3.430000E-20
 773.36283  2.196000E-20
 773.37766  2.298000E-20
 773.39250  2.953000E-20
 773.40733  4.540000E-20
 773.42217  5.955000E-20
 773.43700  6.668000E-20
 773.45184  6.426000E-20
 773.46667  6.363000E-20
 773.48150  1.122000E-19
 773.49634  3.386000E-19
 773.51117  5.455000E-19
 773.52601  3.736000E-19
 773.54084  1.227000E-19
 773.55568  4.731000E-20
 773.57051  4.514000E-20
 773.58535  3.257000E-20
 773.60018  2.037000E-20
 773.61501  1.698000E-20
 773.62985  2.212000E-20
 773.64468  4.166000E-20
 773.65952  5.842000E-20
 773.67435  6.700000E-20
 773.68919  6.814000E-20
 773.70402  6.500000E-20
 773.71886  1.304000E-19
 773.73369  4.020000E-19
 773.74853  5.671000E-19
 773.76336  2.857000E-19
 773.77819  6.551000E-20
 773.79303  4.381000E-20
 773.80786  4.678000E-20
 773.82270  3.222000E-20
 773.83753  2.149000E-20
 773.85237  2.568000E-20
 773.86720  3.053000E-20
 773.88204  4.457000E-20
 773.89687  5.870000E-20
 773.91171  6.310000E-20
 773.92654  5.829000E-20
 773.94137  6.056000E-20
 773.95621  1.602000E-19
 773.97104  4.478000E-19
 773.98588  4.961000E-19
 774.00071  1.912000E-19
 774.01555  4.531000E-20
 774.03038  4.354000E-20
 774.04522  4.108000E-20
 774.06005  2.585000E-20
 774.07488  2.131000E-20
 774.08972  2.346000E-20
 774.10455  3.413000E-20
 774.11939  5.239000E-20
 774.13422  6.480000E-20
 774.14906  6.312000E-20
 774.16389  5.082000E-20
 774.17873  6.925000E-20
 774.19356  2.455000E-19
 774.20840  5.511000E-19
 774.22323  4.594000E-19
 774.23806  1.482000E-19
 774.25290  5.040000E-20
 774.26773  4.771000E-20
 774.28257  3.505000E-20
 774.29740  1.822000E-20
 774.31224  2.015000E-20
 774.32707  2.989000E-20
 774.34191  4.180000E-20
 774.35674  5.631000E-20
 774.37157  7.097000E-20
 774.38641  7.343000E-20
 774.40124  7.143000E-20
 774.41608  1.226000E-19
 774.43091  3.399000E-19
 774.44575  5.465000E-19
 774.46058  3.759000E-19
 774.47542  1.147000E-19
 774.49025  4.980000E-20
 774.50509  5.038000E-20
 774.51992  3.435000E-20
 774.53475  2.177000E-20
 774.54959  2.287000E-20
 774.56442  2.288000E-20
 774.57926  3.036000E-20
 774.59409  5.114000E-20
 774.60893  6.779000E-20
 774.62376  7.055000E-20
 774.63860  9.144000E-20
 774.65343  1.940000E-19
 774.66826  3.782000E-19
 774.68310  4.905000E-19
 774.69793  3.144000E-19
 774.71277  9.415000E-20
 774.72760  5.437000E-20
 774.74244  5.308000E-20
 774.75727  4.030000E-20
 774.77211  3.379000E-20
 774.78694  3.753000E-20
 774.80178  4.007000E-20
 774.81661  4.813000E-20
 774.83144  5.924000E-20
 774.84628  6.732000E-20
 774.86111  6.732000E-20
 774.87595  1.375000E-19
 774.89078  2.324000E-19
 774.90562  3.491000E-19
 774.92045  4.418000E-19
 774.93529  2.526000E-19
 774.95012  7.141000E-20
 774.96496  4.776000E-20
 774.97979  3.181000E-20
 774.99462  2.513000E-20
 775.00946  2.689000E-20
 775.02429  3.680000E-20
 775.03913  4.314000E-20
 775.05396  5.977000E-20
 775.06880  6.975000E-20
 775.08363  7.864000E-20
 775.09847  1.187000E-19
 775.11330  1.954000E-19
 775.12813  2.143000E-19
 775.14297  3.335000E-19
 775.15780  4.180000E-19
 775.17264  1.974000E-19
 775.18747  5.953000E-20
 775.20231  4.142000E-20
 775.21714  2.357000E-20
 775.23198  1.571000E-20
 775.24681  1.619000E-20
 775.26165  2.025000E-20
 775.27648  2.936000E-20
 775.29131  4.383000E-20
 775.30615  6.173000E-20
 775.32098  9.708000E-20
 775.33582  1.696000E-19
 775.35065  1.753000E-19
 775.36549  1.664000E-19
 775.38032  3.595000E-19
 775.39516  3.809000E-19
 775.40999  1.493000E-19
 775.42482  6.013000E-20
 775.43966  5.080000E-20
 775.45449  4.097000E-20
 775.46933  3.899000E-20
 775.48416  3.676000E-20
 775.49900  3.592000E-20
 775.51383  4.019000E-20
 775.52867  5.809000E-20
 775.54350  8.641000E-20
 775.55834  1.551000E-19
 775.57317  1.885000E-19
 775.58800  1.145000E-19
 775.60284  1.790000E-19
 775.61767  3.962000E-19
 775.63251  3.154000E-19
 775.64734  9.445000E-20
 775.66218  4.090000E-20
 775.67701  2.767000E-20
 775.69185  2.485000E-20
 775.70668  2.933000E-20
 775.72152  3.593000E-20
 775.73635  3.979000E-20
 775.75118  5.515000E-20
 775.76602  7.955000E-20
 775.78085  1.379000E-19
 775.79569  1.946000E-19
 775.81052  1.304000E-19
 775.82536  8.457000E-20
 775.84019  2.497000E-19
 775.85503  4.238000E-19
 775.86986  2.535000E-19
 775.88469  7.543000E-20
 775.89953  4.537000E-20
 775.91436  2.711000E-20
 775.92920  2.560000E-20
 775.94403  2.523000E-20
 775.95887  2.952000E-20
 775.97370  3.605000E-20
 775.98854  6.018000E-20
 776.00337  1.105000E-19
 776.01821  1.857000E-19
 776.03304  1.483000E-19
 776.04787  6.079000E-20
 776.06271  9.451000E-20
 776.07754  3.070000E-19
 776.09238  3.938000E-19
 776.10721  1.779000E-19
 776.12205  6.099000E-20
 776.13688  4.451000E-20
 776.15172  3.450000E-20
 776.16655  3.024000E-20
 776.18138  2.798000E-20
 776.19622  2.633000E-20
 776.21105  3.813000E-20
 776.22589  8.364000E-20
 776.24072  1.658000E-19
 776.25556  1.644000E-19
 776.27039  7.224000E-20
 776.28523  4.893000E-20
 776.30006  1.490000E-19
 776.31490  3.666000E-19
 776.32973  3.278000E-19
 776.34456  1.116000E-19
 776.35940  4.368000E-20
 776.37423  3.452000E-20
 776.38907  3.347000E-20
 776.40390  3.084000E-20
 776.41874  3.006000E-20
 776.43357  3.542000E-20
 776.44841  6.727000E-20
 776.46324  1.467000E-19
 776.47807  1.726000E-19
 776.49291  8.639000E-20
 776.50774  3.776000E-20
 776.52258  6.385000E-20
 776.53741  2.247000E-19
 776.55225  3.979000E-19
 776.56708  2.497000E-19
 776.58192  7.273000E-20
 776.59675  3.516000E-20
 776.61159  2.165000E-20
 776.62642  2.151000E-20
 776.64125  1.995000E-20
 776.65609  2.695000E-20
 776.67092  4.782000E-20
 776.68576  1.287000E-19
 776.70059  1.773000E-19
 776.71543  1.075000E-19
 776.73026  4.465000E-20
 776.74510  3.553000E-20
 776.75993  9.106000E-20
 776.77477  2.938000E-19
 776.78960  3.634000E-19
 776.80443  1.625000E-19
 776.81927  5.564000E-20
 776.83410  3.991000E-20
 776.84894  3.587000E-20
 776.86377  3.426000E-20
 776.87861  2.682000E-20
 776.89344  3.609000E-20
 776.90828  1.004000E-19
 776.92311  1.661000E-19
 776.93794  1.140000E-19
 776.95278  5.513000E-20
 776.96761  3.910000E-20
 776.98245  4.792000E-20
 776.99728  1.536000E-19
 777.01212  3.480000E-19
 777.02695  2.871000E-19
 777.04179  9.756000E-20
 777.05662  4.204000E-20
 777.07146  3.206000E-20
 777.08629  3.618000E-20
 777.10112  3.929000E-20
 777.11596  5.117000E-20
 777.13079  1.012000E-19
 777.14563  1.692000E-19
 777.16046  1.301000E-19
 777.17530  7.009000E-20
 777.19013  5.482000E-20
 777.20497  4.754000E-20
 777.21980  7.652000E-20
 777.23463  2.359000E-19
 777.24947  3.554000E-19
 777.26430  1.870000E-19
 777.27914  4.392000E-20
 777.29397  1.896000E-20
 777.30881  1.561000E-20
 777.32364  1.465000E-20
 777.33848  1.949000E-20
 777.35331  6.779000E-20
 777.36815  1.317000E-19
 777.38298  1.100000E-19
 777.39781  5.387000E-20
 777.41265  4.000000E-20
 777.42748  3.190000E-20
 777.44232  3.401000E-20
 777.45715  1.099000E-19
 777.47199  3.054000E-19
 777.48682  3.052000E-19
 777.50166  1.127000E-19
 777.51649  3.467000E-20
 777.53133  2.667000E-20
 777.54616  2.614000E-20
 777.56099  2.402000E-20
 777.57583  5.625000E-20
 777.59066  1.149000E-19
 777.60550  1.015000E-19
 777.62033  5.767000E-20
 777.63517  5.136000E-20
 777.65000  4.002000E-20
 777.66484  2.861000E-20
 777.67967  4.315000E-20
 777.69450  1.804000E-19
 777.70934  3.262000E-19
 777.72417  1.937000E-19
 777.73901  4.247000E-20
 777.75384  1.923000E-20
 777.76868  2.012000E-20
 777.78351  2.490000E-20
 777.79835  5.230000E-20
 777.81318  1.083000E-19
 777.82802  9.417000E-20
 777.84285  5.372000E-20
 777.85768  5.004000E-20
 777.87252  4.987000E-20
 777.88735  4.256000E-20
 777.90219  4.205000E-20
 777.91702  1.043000E-19
 777.93186  2.756000E-19
 777.94669  2.886000E-19
 777.96153  1.059000E-19
 777.97636  2.961000E-20
 777.99119  1.949000E-20
 778.00603  1.756000E-20
 778.02086  4.317000E-20
 778.03570  9.988000E-20
 778.05053  8.830000E-20
 778.06537  4.519000E-20
 778.08020  4.232000E-20
 778.09504  4.271000E-20
 778.10987  3.588000E-20
 778.12471  3.114000E-20
 778.13954  5.084000E-20
 778.15437  1.758000E-19
 778.16921  3.157000E-19
 778.18404  2.002000E-19
 778.19888  6.095000E-20
 778.21371  3.954000E-20
 778.22855  3.655000E-20
 778.24338  5.911000E-20
 778.25822  1.062000E-19
 778.27305  9.993000E-20
 778.28788  6.157000E-20
 778.30272  6.587000E-20
 778.31755  7.071000E-20
 778.33239  6.775000E-20
 778.34722  5.474000E-20
 778.36206  4.942000E-20
 778.37689  1.049000E-19
 778.39173  2.639000E-19
 778.40656  2.692000E-19
 778.42140  9.931000E-20
 778.43623  2.620000E-20
 778.45106  1.877000E-20
 778.46590  4.158000E-20
 778.48073  8.524000E-20
 778.49557  7.376000E-20
 778.51040  3.028000E-20
 778.52524  2.805000E-20
 778.54007  3.864000E-20
 778.55491  4.187000E-20
 778.56974  3.758000E-20
 778.58458  3.233000E-20
 778.59941  4.802000E-20
 778.61424  1.630000E-19
 778.62908  2.697000E-19
 778.64391  1.488000E-19
 778.65875  2.502000E-20
 778.67358  1.196000E-20
 778.68842  3.604000E-20
 778.70325  7.746000E-20
 778.71809  6.318000E-20
 778.73292  2.694000E-20
 778.74775  2.240000E-20
 778.76259  3.225000E-20
 778.77742  3.462000E-20
 778.79226  2.855000E-20
 778.80709  1.935000E-20
 778.82193  1.935000E-20
 778.83676  8.786000E-20
 778.85160  2.300000E-19
 778.86643  2.123000E-19
 778.88127  6.495000E-20
 778.89610  2.176000E-20
 778.91093  3.918000E-20
 778.92577  7.245000E-20
 778.94060  5.583000E-20
 778.95544  2.220000E-20
 778.97027  1.900000E-20
 778.98511  3.020000E-20
 778.99994  3.722000E-20
 779.01478  3.414000E-20
 779.02961  2.701000E-20
 779.04444  2.045000E-20
 779.05928  4.516000E-20
 779.07411  1.586000E-19
 779.08895  2.290000E-19
 779.10378  1.054000E-19
 779.11862  2.261000E-20
 779.13345  3.934000E-20
 779.14829  7.169000E-20
 779.16312  5.556000E-20
 779.17796  2.126000E-20
 779.19279  1.456000E-20
 779.20762  2.244000E-20
 779.22246  3.527000E-20
 779.23729  3.573000E-20
 779.25213  3.213000E-20
 779.26696  2.717000E-20
 779.28180  3.529000E-20
 779.29663  1.083000E-19
 779.31147  2.147000E-19
 779.32630  1.497000E-19
 779.34114  3.520000E-20
 779.35597  3.576000E-20
 779.37080  6.052000E-20
 779.38564  4.151000E-20
 779.40047  1.755000E-20
 779.41531  1.980000E-20
 779.43014  2.508000E-20
 779.44498  3.551000E-20
 779.45981  3.711000E-20
 779.47465  3.489000E-20
 779.48948  2.970000E-20
 779.50431  3.060000E-20
 779.51915  6.857000E-20
 779.53398  1.784000E-19
 779.54882  1.934000E-19
 779.56365  8.104000E-20
 779.57849  5.346000E-20
 779.59332  6.700000E-20
 779.60816  4.025000E-20
 779.62299  1.952000E-20
 779.63783  1.623000E-20
 779.65266  1.835000E-20
 779.66749  3.058000E-20
 779.68233  3.917000E-20
 779.69716  3.524000E-20
 779.71200  2.791000E-20
 779.72683  2.089000E-20
 779.74167  3.199000E-20
 779.75650  1.118000E-19
 779.77134  1.819000E-19
 779.78617  1.055000E-19
 779.80100  5.703000E-20
 779.81584  6.851000E-20
 779.83067  4.625000E-20
 779.84551  3.045000E-20
 779.86034  2.934000E-20
 779.87518  3.204000E-20
 779.89001  3.954000E-20
 779.90485  5.114000E-20
 779.91968  5.499000E-20
 779.93452  5.378000E-20
 779.94935  4.846000E-20
 779.96418  5.221000E-20
 779.97902  1.001000E-19
 779.99385  1.827000E-19
 780.00869  1.499000E-19
 780.02352  7.831000E-20
 780.03836  6.327000E-20
 780.05319  4.384000E-20
 780.06803  3.588000E-20
 780.08286  3.560000E-20
 780.09769  4.039000E-20
 780.11253  4.477000E-20
 780.12736  5.071000E-20
 780.14220  5.072000E-20
 780.15703  4.509000E-20
 780.17187  3.874000E-20
 780.18670  3.876000E-20
 780.20154  7.083000E-20
 780.21637  1.542000E-19
 780.23121  1.701000E-19
 780.24604  1.017000E-19
 780.26087  6.334000E-20
 780.27571  4.077000E-20
 780.29054  3.076000E-20
 780.30538  3.004000E-20
 780.32021  3.566000E-20
 780.33505  4.458000E-20
 780.34988  4.458000E-20
 780.36472  6.463000E-20
 780.37955  6.566000E-20
 780.39439  5.714000E-20
 780.40922  4.791000E-20
 780.42405  6.042000E-20
 780.43889  1.270000E-19
 780.45372  1.783000E-19
 780.46856  1.286000E-19
 780.48339  7.497000E-20
 780.49823  5.841000E-20
 780.51306  5.848000E-20
 780.52790  6.192000E-20
 780.54273  6.416000E-20
 780.55756  6.926000E-20
 780.57240  7.328000E-20
 780.58723  7.819000E-20
 780.60207  7.302000E-20
 780.61690  6.248000E-20
 780.63174  5.949000E-20
 780.64657  6.856000E-20
 780.66141  1.123000E-19
 780.67624  1.730000E-19
 780.69108  1.372000E-19
 780.70591  6.355000E-20
 780.72074  4.365000E-20
 780.73558  4.686000E-20
 780.75041  5.088000E-20
 780.76525  5.322000E-20
 780.78008  5.919000E-20
 780.79492  6.679000E-20
 780.80975  7.280000E-20
 780.82459  7.405000E-20
 780.83942  7.428000E-20
 780.85425  7.892000E-20
 780.86909  8.705000E-20
 780.88392  1.194000E-19
 780.89876  1.885000E-19
 780.91359  1.865000E-19
 780.92843  1.261000E-19
 780.94326  1.106000E-19
 780.95810  1.164000E-19
 780.97293  1.265000E-19
 780.98777  1.371000E-19
 781.00260  1.459000E-19
 781.01743  1.553000E-19
 781.03227  1.746000E-19
 781.04710  1.892000E-19
 781.06194  1.903000E-19
 781.07677  1.874000E-19
 781.09161  1.912000E-19
 781.10644  2.123000E-19
 781.12128  2.575000E-19
 781.13611  2.404000E-19
 781.15095  1.650000E-19
 781.16578  1.398000E-19
 781.18061  1.410000E-19
 781.19545  1.391000E-19
 781.21028  1.288000E-19
 781.22512  1.134000E-19
 781.23995  9.864000E-20
 781.25479  9.415000E-20
 781.26962  9.661000E-20
 781.28446  1.003000E-19
 781.29929  1.044000E-19
 781.31412  1.074000E-19
 781.32896  1.158000E-19
 781.34379  1.497000E-19
 781.35863  1.555000E-19
 781.37346  1.006000E-19
 781.38830  7.763000E-20
 781.40313  8.893000E-20
 781.41797  9.664000E-20
 781.43280  9.799000E-20
 781.44764  9.997000E-20
 781.46247  1.034000E-19
 781.47730  1.084000E-19
 781.49214  1.155000E-19
 781.50697  1.220000E-19
 781.52181  1.281000E-19
 781.53664  1.398000E-19
 781.55148  1.586000E-19
 781.56631  1.954000E-19
 781.58115  2.251000E-19
 781.59598  2.024000E-19
 781.61081  1.836000E-19
 781.62565  1.873000E-19
 781.64048  1.966000E-19
 781.65532  2.051000E-19
 781.67015  2.130000E-19
 781.68499  2.258000E-19
 781.69982  2.408000E-19
 781.71466  2.508000E-19
 781.72949  2.576000E-19
 781.74433  2.620000E-19
 781.75916  2.566000E-19
 781.77399  2.480000E-19
 781.78883  2.653000E-19
 781.80366  3.023000E-19
 781.81850  3.027000E-19
 781.83333  2.924000E-19
 781.84817  3.087000E-19
 781.86300  3.279000E-19
 781.87784  3.498000E-19
 781.89267  3.721000E-19
 781.90751  3.964000E-19
 781.92234  4.238000E-19
 781.93717  4.546000E-19
 781.95201  4.826000E-19
 781.96684  5.158000E-19
 781.98168  5.578000E-19
 781.99651  6.124000E-19
 782.01135  6.632000E-19
 782.02618  6.894000E-19
 782.04102  6.879000E-19
 782.05585  6.880000E-19
 782.07068  7.100000E-19
 782.08552  7.341000E-19
 782.10035  7.547000E-19
 782.11519  7.692000E-19
 782.13002  7.778000E-19
 782.14486  7.540000E-19
 782.15969  7.279000E-19
 782.17453  8.431000E-19
 782.18936  7.968000E-19
 782.20420  6.125000E-19
 782.21903  4.750000E-19
 782.23386  3.701000E-19
 782.24870  3.231000E-19
 782.26353  2.712000E-19
 782.27837  2.312000E-19
 782.29320  2.195000E-19
 782.30804  2.141000E-19
 782.32287  2.054000E-19
 782.33771  1.907000E-19
 782.35254  1.747000E-19
 782.36737  1.677000E-19
 782.38221  1.865000E-19
 782.39704  1.948000E-19
 782.41188  1.699000E-19
 782.42671  1.374000E-19
 782.44155  1.138000E-19
 782.45638  1.070000E-19
 782.47122  1.149000E-19
 782.48605  1.125000E-19
 782.50089  9.012000E-20
 782.51572  8.621000E-20
 782.53055  1.085000E-19
 782.54539  1.251000E-19
 782.56022  1.209000E-19
 782.57506  1.141000E-19
 782.58989  1.209000E-19
 782.60473  1.322000E-19
 782.61956  1.397000E-19
 782.63440  1.521000E-19
 782.64923  1.724000E-19
 782.66406  1.900000E-19
 782.67890  2.049000E-19
 782.69373  2.143000E-19
 782.70857  2.069000E-19
 782.72340  2.021000E-19
 782.73824  2.096000E-19
 782.75307  2.240000E-19
 782.76791  2.357000E-19
 782.78274  2.489000E-19
 782.79758  2.695000E-19
 782.81241  2.897000E-19
 782.82724  3.025000E-19
 782.84208  3.180000E-19
 782.85691  3.406000E-19
 782.87175  3.595000E-19
 782.88658  3.825000E-19
 782.90142  4.153000E-19
 782.91625  4.544000E-19
 782.93109  4.935000E-19
 782.94592  5.276000E-19
 782.96076  5.659000E-19
 782.97559  6.027000E-19
 782.99042  6.396000E-19
 783.00526  6.788000E-19
 783.02009  7.180000E-19
 783.03493  7.606000E-19
 783.04976  7.918000E-19
 783.06460  9.260000E-19
 783.07943  9.947000E-19
 783.09427  1.055000E-18
 783.10910  1.125000E-18
 783.12393  1.202000E-18
 783.13877  1.275000E-18
 783.15360  1.341000E-18
 783.16844  1.421000E-18
 783.18327  1.512000E-18
 783.19811  1.622000E-18
 783.21294  1.704000E-18
 783.22778  1.767000E-18
 783.24261  1.850000E-18
 783.25745  1.914000E-18
 783.27228  1.878000E-18
 783.28711  1.823000E-18
 783.30195  1.767000E-18
 783.31678  1.669000E-18
 783.33162  1.512000E-18
 783.34645  1.282000E-18
 783.36129  7.363000E-19
 783.37612  2.881000E-19
 783.39096  9.137000E-20
 783.40579  6.209000E-20
 783.42062  5.497000E-20
 783.43546  5.327000E-20
 783.45029  5.643000E-20
 783.46513  6.200000E-20
 783.47996  6.635000E-20
 783.49480  7.255000E-20
 783.50963  7.334000E-20
 783.52447  6.310000E-20
 783.53930  5.573000E-20
 783.55414  5.700000E-20
 783.56897  5.893000E-20
 783.58380  6.675000E-20
 783.59864  7.218000E-20
 783.61347  7.478000E-20
 783.62831  7.449000E-20
 783.64314  7.341000E-20
 783.65798  7.346000E-20
 783.67281  7.555000E-20
 783.68765  7.286000E-20
 783.70248  7.656000E-20
 783.71732  8.830000E-20
 783.73215  8.954000E-20
 783.74698  8.529000E-20
 783.76182  9.612000E-20
 783.77665  1.081000E-19
 783.79149  1.179000E-19
 783.80632  1.226000E-19
 783.82116  1.032000E-19
 783.83599  5.452000E-20
 783.85083  1.680000E-20
 783.86566  1.002000E-20
 783.88049  1.538000E-20
 783.89533  1.730000E-20
 783.91016  1.881000E-20
 783.92500  3.066000E-20
 783.93983  3.736000E-20
 783.95467  2.148000E-20
 783.96950  9.619000E-21
 783.98434  1.308000E-20
 783.99917  1.490000E-20
 784.01401  1.780000E-20
 784.02884  3.001000E-20
 784.04367  3.065000E-20
 784.05851  2.142000E-20
 784.07334  1.842000E-20
 784.08818  1.631000E-20
 784.10301  1.322000E-20
 784.11785  1.043000E-20
 784.13268  2.274000E-20
 784.14752  4.604000E-20
 784.16235  4.180000E-20
 784.17718  1.899000E-20
 784.19202  1.623000E-20
 784.20685  1.683000E-20
 784.22169  1.351000E-20
 784.23652  2.084000E-20
 784.25136  3.739000E-20
 784.26619  3.244000E-20
 784.28103  1.930000E-20
 784.29586  1.926000E-20
 784.31070  2.285000E-20
 784.32553  2.200000E-20
 784.34036  2.644000E-20
 784.35520  4.939000E-20
 784.37003  6.162000E-20
 784.38487  3.643000E-20
 784.39970  1.816000E-20
 784.41454  1.926000E-20
 784.42937  2.240000E-20
 784.44421  2.552000E-20
 784.45904  3.793000E-20
 784.47387  4.889000E-20
 784.48871  3.491000E-20
 784.50354  1.171000E-20
 784.51838  8.003000E-21
 784.53321  6.464000E-21
 784.54805  1.076000E-20
 784.56288  3.288000E-20
 784.57772  6.466000E-20
 784.59255  5.061000E-20
 784.60739  2.044000E-20
 784.62222  1.374000E-20
 784.63705  1.785000E-20
 784.65189  2.134000E-20
 784.66672  2.462000E-20
 784.68156  4.238000E-20
 784.69639  6.214000E-20
 784.71123  4.764000E-20
 784.72606  2.799000E-20
 784.74090  2.555000E-20
 784.75573  2.008000E-20
 784.77057  2.841000E-20
 784.78540  6.196000E-20
 784.80023  7.083000E-20
 784.81507  3.507000E-20
 784.82990  1.705000E-20
 784.84474  2.028000E-20
 784.85957  2.887000E-20
 784.87441  2.879000E-20
 784.88924  2.491000E-20
 784.90408  3.823000E-20
 784.91891  5.628000E-20
 784.93374  3.138000E-20
 784.94858  8.345000E-21
 784.96341  6.938000E-21
 784.97825  1.575000E-20
 784.99308  1.575000E-20
 785.00792  8.605000E-20
 785.02275  6.354000E-20
 785.03759  3.632000E-20
 785.05242  3.070000E-20
 785.06726  3.436000E-20
 785.08209  3.556000E-20
 785.09692  2.943000E-20
 785.11176  3.556000E-20
 785.12659  7.031000E-20
 785.14143  8.812000E-20
 785.15626  4.903000E-20
 785.17110  1.789000E-20
 785.18593  1.218000E-20
 785.20077  3.203000E-20
 785.21560  7.362000E-20
 785.23043  6.718000E-20
 785.24527  3.282000E-20
 785.26010  2.433000E-20
 785.27494  2.912000E-20
 785.28977  3.789000E-20
 785.30461  3.343000E-20
 785.31944  1.971000E-20
 785.33428  2.606000E-20
 785.34911  6.964000E-20
 785.36395  8.311000E-20
 785.37878  3.711000E-20
 785.39361  1.786000E-20
 785.40845  3.705000E-20
 785.42328  8.467000E-20
 785.43812  9.279000E-20
 785.45295  5.651000E-20
 785.46779  3.882000E-20
 785.48262  3.643000E-20
 785.49746  4.436000E-20
 785.51229  4.878000E-20
 785.52713  3.237000E-20
 785.54196  2.514000E-20
 785.55679  5.175000E-20
 785.57163  1.017000E-19
 785.58646  8.414000E-20
 785.60130  2.355000E-20
 785.61613  1.626000E-20
 785.63097  6.057000E-20
 785.64580  9.798000E-20
 785.66064  6.854000E-20
 785.67547  4.386000E-20
 785.69030  3.914000E-20
 785.70514  4.388000E-20
 785.71997  4.559000E-20
 785.73481  3.331000E-20
 785.74964  2.153000E-20
 785.76448  3.056000E-20
 785.77931  7.255000E-20
 785.79415  1.201000E-19
 785.80898  8.100000E-20
 785.82382  3.528000E-20
 785.83865  5.983000E-20
 785.85348  1.004000E-19
 785.86832  7.929000E-20
 785.88315  4.788000E-20
 785.89799  4.395000E-20
 785.91282  4.728000E-20
 785.92766  5.276000E-20
 785.94249  4.977000E-20
 785.95733  3.543000E-20
 785.97216  2.494000E-20
 785.98699  3.687000E-20
 786.00183  9.152000E-20
 786.01666  1.224000E-19
 786.03150  6.065000E-20
 786.04633  4.594000E-20
 786.06117  9.793000E-20
 786.07600  1.005000E-19
 786.09084  7.062000E-20
 786.10567  6.111000E-20
 786.12051  5.244000E-20
 786.13534  4.946000E-20
 786.15017  4.725000E-20
 786.16501  4.005000E-20
 786.17984  2.783000E-20
 786.19468  3.026000E-20
 786.20951  5.932000E-20
 786.22435  1.274000E-19
 786.23918  1.297000E-19
 786.25402  6.677000E-20
 786.26885  8.434000E-20
 786.28368  9.624000E-20
 786.29852  6.330000E-20
 786.31335  5.315000E-20
 786.32819  5.687000E-20
 786.34302  5.081000E-20
 786.35786  4.619000E-20
 786.37269  4.936000E-20
 786.38753  3.994000E-20
 786.40236  2.976000E-20
 786.41720  3.531000E-20
 786.43203  8.055000E-20
 786.44686  1.519000E-19
 786.46170  1.292000E-19
 786.47653  1.053000E-19
 786.49137  1.173000E-19
 786.50620  8.094000E-20
 786.52104  6.486000E-20
 786.53587  6.543000E-20
 786.55071  5.558000E-20
 786.56554  4.112000E-20
 786.58038  4.181000E-20
 786.59521  4.024000E-20
 786.61004  3.390000E-20
 786.62488  3.438000E-20
 786.63971  4.639000E-20
 786.65455  1.121000E-19
 786.66938  1.761000E-19
 786.68422  1.497000E-19
 786.69905  1.227000E-19
 786.71389  8.430000E-20
 786.72872  6.704000E-20
 786.74355  7.250000E-20
 786.75839  6.577000E-20
 786.77322  5.533000E-20
 786.78806  5.714000E-20
 786.80289  5.851000E-20
 786.81773  4.611000E-20
 786.83256  3.568000E-20
 786.84740  3.039000E-20
 786.86223  5.984000E-20
 786.87707  1.630000E-19
 786.89190  2.196000E-19
 786.90673  1.647000E-19
 786.92157  9.395000E-20
 786.93640  6.356000E-20
 786.95124  6.915000E-20
 786.96607  5.988000E-20
 786.98091  4.601000E-20
 786.99574  4.127000E-20
 787.01058  5.054000E-20
 787.02541  4.855000E-20
 787.04024  4.247000E-20
 787.05508  3.422000E-20
 787.06991  3.746000E-20
 787.08475  1.070000E-19
 787.09958  2.419000E-19
 787.11442  2.366000E-19
 787.12925  1.147000E-19
 787.14409  6.886000E-20
 787.15892  7.760000E-20
 787.17376  7.485000E-20
 787.18859  6.191000E-20
 787.20342  5.263000E-20
 787.21826  5.793000E-20
 787.23309  6.028000E-20
 787.24793  4.686000E-20
 787.26276  3.143000E-20
 787.27760  2.178000E-20
 787.29243  5.554000E-20
 787.30727  2.045000E-19
 787.32210  3.138000E-19
 787.33694  1.748000E-19
 787.35177  6.878000E-20
 787.36660  6.868000E-20
 787.38144  6.522000E-20
 787.39627  5.508000E-20
 787.41111  4.886000E-20
 787.42594  5.503000E-20
 787.44078  6.730000E-20
 787.45561  6.183000E-20
 787.47045  4.636000E-20
 787.48528  3.737000E-20
 787.50011  4.255000E-20
 787.51495  1.255000E-19
 787.52978  2.776000E-19
 787.54462  2.318000E-19
 787.55945  9.497000E-20
 787.57429  7.908000E-20
 787.58912  7.945000E-20
 787.60396  6.905000E-20
 787.61879  5.601000E-20
 787.63363  5.617000E-20
 787.64846  6.050000E-20
 787.66329  5.448000E-20
 787.67813  3.247000E-20
 787.69296  2.503000E-20
 787.70780  2.604000E-20
 787.72263  9.539000E-20
 787.73747  2.770000E-19
 787.75230  3.304000E-19
 787.76714  1.595000E-19
 787.78197  8.321000E-20
 787.79680  7.804000E-20
 787.81164  7.189000E-20
 787.82647  5.868000E-20
 787.84131  5.251000E-20
 787.85614  6.413000E-20
 787.87098  7.731000E-20
 787.88581  5.437000E-20
 787.90065  3.379000E-20
 787.91548  2.985000E-20
 787.93032  7.395000E-20
 787.94515  2.065000E-19
 787.95998  3.244000E-19
 787.97482  2.423000E-19
 787.98965  1.110000E-19
 788.00449  7.441000E-20
 788.01932  6.602000E-20
 788.03416  5.695000E-20
 788.04899  4.915000E-20
 788.06383  5.425000E-20
 788.07866  6.166000E-20
 788.09349  5.033000E-20
 788.10833  3.086000E-20
 788.12316  3.123000E-20
 788.13800  7.199000E-20
 788.15283  1.731000E-19
 788.16767  2.713000E-19
 788.18250  2.913000E-19
 788.19734  1.647000E-19
 788.21217  7.816000E-20
 788.22701  6.951000E-20
 788.24184  6.488000E-20
 788.25667  6.344000E-20
 788.27151  6.575000E-20
 788.28634  7.565000E-20
 788.30118  7.065000E-20
 788.31601  4.346000E-20
 788.33085  3.898000E-20
 788.34568  7.777000E-20
 788.36052  1.545000E-19
 788.37535  2.092000E-19
 788.39019  2.947000E-19
 788.40502  2.525000E-19
 788.41985  1.085000E-19
 788.43469  7.195000E-20
 788.44952  6.374000E-20
 788.46436  5.312000E-20
 788.47919  5.020000E-20
 788.49403  6.169000E-20
 788.50886  6.869000E-20
 788.52370  5.186000E-20
 788.53853  5.186000E-20
 788.55336  8.568000E-20
 788.56820  1.512000E-19
 788.58303  1.597000E-19
 788.59787  2.334000E-19
 788.61270  3.043000E-19
 788.62754  1.666000E-19
 788.64237  7.914000E-20
 788.65721  7.199000E-20
 788.67204  7.116000E-20
 788.68688  6.411000E-20
 788.70171  6.398000E-20
 788.71654  6.831000E-20
 788.73138  5.482000E-20
 788.74621  4.632000E-20
 788.76105  9.283000E-20
 788.77588  1.542000E-19
 788.79072  1.326000E-19
 788.80555  1.727000E-19
 788.82039  3.186000E-19
 788.83522  2.537000E-19
 788.85005  1.048000E-19
 788.86489  7.530000E-20
 788.87972  7.012000E-20
 788.89456  6.075000E-20
 788.90939  5.939000E-20
 788.92423  7.332000E-20
 788.93906  6.520000E-20
 788.95390  5.835000E-20
 788.96873  1.109000E-19
 788.98357  1.665000E-19
 788.99840  1.139000E-19
 789.01323  1.043000E-19
 789.02807  2.571000E-19
 789.04290  3.086000E-19
 789.05774  1.452000E-19
 789.07257  7.595000E-20
 789.08741  7.822000E-20
 789.10224  7.180000E-20
 789.11708  5.977000E-20
 789.13191  7.129000E-20
 789.14675  6.981000E-20
 789.16158  6.568000E-20
 789.17641  1.193000E-19
 789.19125  1.719000E-19
 789.20608  1.133000E-19
 789.22092  8.351000E-20
 789.23575  2.030000E-19
 789.25059  3.450000E-19
 789.26542  2.237000E-19
 789.28026  8.738000E-20
 789.29509  7.256000E-20
 789.30992  6.381000E-20
 789.32476  5.533000E-20
 789.33959  6.461000E-20
 789.35443  6.585000E-20
 789.36926  6.776000E-20
 789.38410  1.281000E-19
 789.39893  1.672000E-19
 789.41377  9.437000E-20
 789.42860  4.766000E-20
 789.44344  1.318000E-19
 789.45827  3.232000E-19
 789.47310  3.007000E-19
 789.48794  1.240000E-19
 789.50277  8.317000E-20
 789.51761  8.162000E-20
 789.53244  7.137000E-20
 789.54728  7.005000E-20
 789.56211  7.766000E-20
 789.57695  8.514000E-20
 789.59178  1.495000E-19
 789.60661  1.682000E-19
 789.62145  9.325000E-20
 789.63628  4.954000E-20
 789.65112  9.650000E-20
 789.66595  2.727000E-19
 789.68079  3.481000E-19
 789.69562  1.670000E-19
 789.71046  7.594000E-20
 789.72529  6.502000E-20
 789.74013  6.137000E-20
 789.75496  6.370000E-20
 789.76979  7.427000E-20
 789.78463  9.095000E-20
 789.79946  1.590000E-19
 789.81430  1.509000E-19
 789.82913  6.828000E-20
 789.84397  3.616000E-20
 789.85880  6.770000E-20
 789.87364  2.164000E-19
 789.88847  3.820000E-19
 789.90331  2.481000E-19
 789.91814  1.011000E-19
 789.93297  7.788000E-20
 789.94781  7.236000E-20
 789.96264  7.305000E-20
 789.97748  8.452000E-20
 789.99231  1.153000E-19
 790.00715  1.764000E-19
 790.02198  1.377000E-19
 790.03682  5.830000E-20
 790.05165  3.685000E-20
 790.06648  4.859000E-20
 790.08132  1.545000E-19
 790.09615  3.532000E-19
 790.11099  2.977000E-19
 790.12582  1.079000E-19
 790.14066  6.469000E-20
 790.15549  6.547000E-20
 790.17033  7.300000E-20
 790.18516  9.268000E-20
 790.20000  1.377000E-19
 790.21483  1.786000E-19
 790.22966  1.175000E-19
 790.24450  5.272000E-20
 790.25933  4.144000E-20
 790.27417  4.567000E-20
 790.28900  1.278000E-19
 790.30384  3.432000E-19
 790.31867  3.790000E-19
 790.33351  1.647000E-19
 790.34834  7.454000E-20
 790.36317  6.299000E-20
 790.37801  6.721000E-20
 790.39284  9.486000E-20
 790.40768  1.519000E-19
 790.42251  1.630000E-19
 790.43735  8.579000E-20
 790.45218  3.622000E-20
 790.46702  2.781000E-20
 790.48185  2.817000E-20
 790.49669  8.318000E-20
 790.51152  2.726000E-19
 790.52635  3.855000E-19
 790.54119  1.998000E-19
 790.55602  7.990000E-20
 790.57086  7.009000E-20
 790.58569  7.678000E-20
 790.60053  1.146000E-19
 790.61536  1.733000E-19
 790.63020  1.473000E-19
 790.64503  6.699000E-20
 790.65986  3.466000E-20
 790.67470  2.928000E-20
 790.68953  3.304000E-20
 790.70437  7.642000E-20
 790.71920  2.454000E-19
 790.73404  4.144000E-19
 790.74887  2.624000E-19
 790.76371  9.791000E-20
 790.77854  7.147000E-20
 790.79338  7.673000E-20
 790.80821  1.332000E-19
 790.82304  1.852000E-19
 790.83788  1.208000E-19
 790.85271  5.029000E-20
 790.86755  3.643000E-20
 790.88238  3.386000E-20
 790.89722  3.533000E-20
 790.91205  5.903000E-20
 790.92689  1.924000E-19
 790.94172  3.986000E-19
 790.95656  3.101000E-19
 790.97139  1.199000E-19
 790.98622  8.408000E-20
 791.00106  9.976000E-20
 791.01589  1.664000E-19
 791.03073  1.831000E-19
 791.04556  9.537000E-20
 791.06040  3.996000E-20
 791.07523  3.106000E-20
 791.09007  2.745000E-20
 791.10490  3.161000E-20
 791.11973  5.452000E-20
 791.13457  1.672000E-19
 791.14940  3.834000E-19
 791.16424  3.472000E-19
 791.17907  1.310000E-19
 791.19391  7.053000E-20
 791.20874  1.037000E-19
 791.22358  1.800000E-19
 791.23841  1.628000E-19
 791.25325  7.808000E-20
 791.26808  4.717000E-20
 791.28291  3.788000E-20
 791.29775  3.376000E-20
 791.31258  3.486000E-20
 791.32742  4.991000E-20
 791.34225  1.378000E-19
 791.35709  3.549000E-19
 791.37192  3.760000E-19
 791.38676  1.592000E-19
 791.40159  8.433000E-20
 791.41642  1.314000E-19
 791.43126  1.811000E-19
 791.44609  1.161000E-19
 791.46093  4.206000E-20
 791.47576  2.880000E-20
 791.49060  2.708000E-20
 791.50543  3.162000E-20
 791.52027  3.917000E-20
 791.53510  5.521000E-20
 791.54994  1.302000E-19
 791.56477  3.428000E-19
 791.57960  3.978000E-19
 791.59444  1.816000E-19
 791.60927  9.450000E-20
 791.62411  1.501000E-19
 791.63894  1.647000E-19
 791.65378  8.691000E-20
 791.66861  4.104000E-20
 791.68345  3.861000E-20
 791.69828  3.740000E-20
 791.71312  3.513000E-20
 791.72795  2.961000E-20
 791.74278  3.921000E-20
 791.75762  1.037000E-19
 791.77245  3.089000E-19
 791.78729  4.000000E-19
 791.80212  2.040000E-19
 791.81696  1.220000E-19
 791.83179  1.736000E-19
 791.84663  1.444000E-19
 791.86146  6.451000E-20
 791.87629  3.709000E-20
 791.89113  3.217000E-20
 791.90596  3.237000E-20
 791.92080  3.999000E-20
 791.93563  4.539000E-20
 791.95047  5.732000E-20
 791.96530  1.149000E-19
 791.98014  3.093000E-19
 791.99497  4.203000E-19
 792.00981  2.352000E-19
 792.02464  1.474000E-19
 792.03947  1.677000E-19
 792.05431  1.070000E-19
 792.06914  5.092000E-20
 792.08398  3.490000E-20
 792.09881  3.100000E-20
 792.11365  2.766000E-20
 792.12848  2.844000E-20
 792.14332  2.979000E-20
 792.15815  3.855000E-20
 792.17298  9.097000E-20
 792.18782  2.828000E-19
 792.20265  4.176000E-19
 792.21749  2.607000E-19
 792.23232  1.698000E-19
 792.24716  1.483000E-19
 792.26199  7.821000E-20
 792.27683  4.256000E-20
 792.29166  3.226000E-20
 792.30650  3.789000E-20
 792.32133  3.683000E-20
 792.33616  4.546000E-20
 792.35100  5.316000E-20
 792.36583  6.447000E-20
 792.38067  1.067000E-19
 792.39550  2.885000E-19
 792.41034  4.279000E-19
 792.42517  2.861000E-19
 792.44001  1.675000E-19
 792.45484  1.113000E-19
 792.46967  5.465000E-20
 792.48451  3.507000E-20
 792.49934  2.778000E-20
 792.51418  3.145000E-20
 792.52901  2.701000E-20
 792.54385  3.085000E-20
 792.55868  3.184000E-20
 792.57352  4.218000E-20
 792.58835  4.218000E-20
 792.60319  2.885000E-19
 792.61802  4.529000E-19
 792.63285  3.214000E-19
 792.64769  1.604000E-19
 792.66252  9.238000E-20
 792.67736  5.683000E-20
 792.69219  4.373000E-20
 792.70703  3.514000E-20
 792.72186  3.286000E-20
 792.73670  3.535000E-20
 792.75153  4.627000E-20
 792.76637  4.844000E-20
 792.78120  5.526000E-20
 792.79603  1.023000E-19
 792.81087  3.010000E-19
 792.82570  4.700000E-19
 792.84054  3.048000E-19
 792.85537  1.079000E-19
 792.87021  5.690000E-20
 792.88504  3.719000E-20
 792.89988  2.915000E-20
 792.91471  2.522000E-20
 792.92954  2.730000E-20
 792.94438  2.578000E-20
 792.95921  3.377000E-20
 792.97405  3.746000E-20
 792.98888  4.842000E-20
 793.00372  1.061000E-19
 793.01855  3.288000E-19
 793.03339  4.892000E-19
 793.04822  2.715000E-19
 793.06306  8.882000E-20
 793.07789  5.900000E-20
 793.09272  3.972000E-20
 793.10756  3.145000E-20
 793.12239  2.669000E-20
 793.13723  3.079000E-20
 793.15206  2.941000E-20
 793.16690  3.784000E-20
 793.18173  4.263000E-20
 793.19657  5.568000E-20
 793.21140  1.139000E-19
 793.22623  3.250000E-19
 793.24107  4.066000E-19
 793.25590  1.846000E-19
 793.27074  6.325000E-20
 793.28557  5.067000E-20
 793.30041  3.618000E-20
 793.31524  3.568000E-20
 793.33008  3.189000E-20
 793.34491  3.037000E-20
 793.35975  2.771000E-20
 793.37458  3.355000E-20
 793.38941  3.887000E-20
 793.40425  5.827000E-20
 793.41908  1.682000E-19
 793.43392  4.258000E-19
 793.44875  4.300000E-19
 793.46359  1.677000E-19
 793.47842  6.227000E-20
 793.49326  4.341000E-20
 793.50809  2.951000E-20
 793.52293  2.499000E-20
 793.53776  2.654000E-20
 793.55259  3.092000E-20
 793.56743  3.365000E-20
 793.58226  3.863000E-20
 793.59710  4.319000E-20
 793.61193  7.632000E-20
 793.62677  2.126000E-19
 793.64160  4.095000E-19
 793.65644  3.498000E-19
 793.67127  1.298000E-19
 793.68610  5.167000E-20
 793.70094  3.779000E-20
 793.71577  3.152000E-20
 793.73061  3.369000E-20
 793.74544  3.639000E-20
 793.76028  3.749000E-20
 793.77511  3.569000E-20
 793.78995  3.360000E-20
 793.80478  4.427000E-20
 793.81962  1.089000E-19
 793.83445  2.450000E-19
 793.84928  3.904000E-19
 793.86412  3.086000E-19
 793.87895  1.096000E-19
 793.89379  4.515000E-20
 793.90862  2.821000E-20
 793.92346  2.447000E-20
 793.93829  2.337000E-20
 793.95313  2.967000E-20
 793.96796  3.689000E-20
 793.98279  4.444000E-20
 793.99763  5.437000E-20
 794.01246  8.893000E-20
 794.02730  1.498000E-19
 794.04213  2.429000E-19
 794.05697  3.624000E-19
 794.07180  2.588000E-19
 794.08664  8.314000E-20
 794.10147  3.779000E-20
 794.11631  2.784000E-20
 794.13114  3.187000E-20
 794.14597  2.957000E-20
 794.16081  3.226000E-20
 794.17564  2.890000E-20
 794.19048  3.317000E-20
 794.20531  5.779000E-20
 794.22015  1.119000E-19
 794.23498  1.360000E-19
 794.24982  2.346000E-19
 794.26465  3.534000E-19
 794.27948  2.161000E-19
 794.29432  6.650000E-20
 794.30915  3.598000E-20
 794.32399  2.941000E-20
 794.33882  3.105000E-20
 794.35366  3.035000E-20
 794.36849  3.473000E-20
 794.38333  3.602000E-20
 794.39816  5.893000E-20
 794.41300  1.078000E-19
 794.42783  1.253000E-19
 794.44266  1.182000E-19
 794.45750  2.537000E-19
 794.47233  3.269000E-19
 794.48717  1.541000E-19
 794.50200  3.814000E-20
 794.51684  2.444000E-20
 794.53167  2.343000E-20
 794.54651  2.500000E-20
 794.56134  2.476000E-20
 794.57618  2.681000E-20
 794.59101  3.153000E-20
 794.60584  6.881000E-20
 794.62068  1.003000E-19
 794.63551  7.608000E-20
 794.65035  1.186000E-19
 794.66518  2.938000E-19
 794.68002  3.005000E-19
 794.69485  1.192000E-19
 794.70969  4.419000E-20
 794.72452  3.612000E-20
 794.73935  3.500000E-20
 794.75419  3.354000E-20
 794.76902  3.056000E-20
 794.78386  4.052000E-20
 794.79869  7.419000E-20
 794.81353  1.122000E-19
 794.82836  8.570000E-20
 794.84320  5.918000E-20
 794.85803  1.504000E-19
 794.87287  3.052000E-19
 794.88770  2.330000E-19
 794.90253  6.178000E-20
 794.91737  2.109000E-20
 794.93220  2.363000E-20
 794.94704  2.755000E-20
 794.96187  2.170000E-20
 794.97671  2.468000E-20
 794.99154  4.719000E-20
 795.00638  9.213000E-20
 795.02121  7.994000E-20
 795.03604  4.320000E-20
 795.05088  6.692000E-20
 795.06571  2.051000E-19
 795.08055  3.206000E-19
 795.09538  1.821000E-19
 795.11022  4.983000E-20
 795.12505  3.310000E-20
 795.13989  2.738000E-20
 795.15472  2.412000E-20
 795.16956  2.378000E-20
 795.18439  2.378000E-20
 795.19922  8.585000E-20
 795.21406  9.310000E-20
 795.22889  4.871000E-20
 795.24373  3.868000E-20
 795.25856  8.986000E-20
 795.27340  2.443000E-19
 795.28823  2.728000E-19
 795.30307  1.057000E-19
 795.31790  2.847000E-20
 795.33274  2.593000E-20
 795.34757  2.260000E-20
 795.36240  2.405000E-20
 795.37724  4.021000E-20
 795.39207  7.969000E-20
 795.40691  8.858000E-20
 795.42174  4.692000E-20
 795.43658  2.669000E-20
 795.45141  4.154000E-20
 795.46625  1.317000E-19
 795.48108  2.832000E-19
 795.49591  2.202000E-19
 795.51075  6.325000E-20
 795.52558  2.687000E-20
 795.54042  2.165000E-20
 795.55525  2.199000E-20
 795.57009  3.086000E-20
 795.58492  6.435000E-20
 795.59976  8.596000E-20
 795.61459  5.412000E-20
 795.62943  2.999000E-20
 795.64426  2.940000E-20
 795.65909  5.587000E-20
 795.67393  1.792000E-19
 795.68876  2.686000E-19
 795.70360  1.353000E-19
 795.71843  2.521000E-20
 795.73327  1.701000E-20
 795.74810  2.015000E-20
 795.76294  3.275000E-20
 795.77777  6.409000E-20
 795.79260  8.727000E-20
 795.80744  5.479000E-20
 795.82227  2.751000E-20
 795.83711  2.332000E-20
 795.85194  3.071000E-20
 795.86678  9.114000E-20
 795.88161  2.355000E-19
 795.89645  2.336000E-19
 795.91128  8.107000E-20
 795.92612  2.242000E-20
 795.94095  1.824000E-20
 795.95578  2.554000E-20
 795.97062  5.111000E-20
 795.98545  7.665000E-20
 796.00029  5.252000E-20
 796.01512  2.544000E-20
 796.02996  2.300000E-20
 796.04479  2.930000E-20
 796.05963  4.871000E-20
 796.07446  1.447000E-19
 796.08929  2.507000E-19
 796.10413  1.521000E-19
 796.11896  3.353000E-20
 796.13380  1.884000E-20
 796.14863  2.423000E-20
 796.16347  5.121000E-20
 796.17830  7.748000E-20
 796.19314  5.717000E-20
 796.20797  2.648000E-20
 796.22281  2.445000E-20
 796.23764  2.357000E-20
 796.25247  2.587000E-20
 796.26731  7.135000E-20
 796.28214  1.994000E-19
 796.29698  2.232000E-19
 796.31181  8.993000E-20
 796.32665  2.788000E-20
 796.34148  3.130000E-20
 796.35632  5.375000E-20
 796.37115  7.432000E-20
 796.38599  5.471000E-20
 796.40082  2.649000E-20
 796.41565  2.201000E-20
 796.43049  2.854000E-20
 796.44532  3.508000E-20
 796.46016  4.834000E-20
 796.47499  1.278000E-19
 796.48983  2.288000E-19
 796.50466  1.557000E-19
 796.51950  3.837000E-20
 796.53433  1.978000E-20
 796.54916  4.013000E-20
 796.56400  6.720000E-20
 796.57883  5.016000E-20
 796.59367  2.686000E-20
 796.60850  1.804000E-20
 796.62334  1.782000E-20
 796.63817  1.716000E-20
 796.65301  2.201000E-20
 796.66784  6.165000E-20
 796.68268  1.728000E-19
 796.69751  2.041000E-19
 796.71234  8.786000E-20
 796.72718  3.476000E-20
 796.74201  5.272000E-20
 796.75685  7.085000E-20
 796.77168  5.025000E-20
 796.78652  2.761000E-20
 796.80135  2.622000E-20
 796.81619  2.376000E-20
 796.83102  2.683000E-20
 796.84585  2.832000E-20
 796.86069  4.340000E-20
 796.87552  1.158000E-19
 796.89036  2.010000E-19
 796.90519  1.297000E-19
 796.92003  3.256000E-20
 796.93486  3.487000E-20
 796.94970  5.231000E-20
 796.96453  3.775000E-20
 796.97937  1.987000E-20
 796.99420  1.885000E-20
 797.00903  2.029000E-20
 797.02387  2.462000E-20
 797.03870  2.249000E-20
 797.05354  2.411000E-20
 797.06837  6.122000E-20
 797.08321  1.609000E-19
 797.09804  1.776000E-19
 797.11288  8.073000E-20
 797.12771  5.285000E-20
 797.14255  6.404000E-20
 797.15738  4.746000E-20
 797.17221  2.604000E-20
 797.18705  2.251000E-20
 797.20188  2.188000E-20
 797.21672  2.104000E-20
 797.23155  2.324000E-20
 797.24639  2.304000E-20
 797.26122  3.586000E-20
 797.27606  1.059000E-19
 797.29089  1.740000E-19
 797.30572  1.048000E-19
 797.32056  3.882000E-20
 797.33539  3.903000E-20
 797.35023  2.303000E-20
 797.36506  1.327000E-20
 797.37990  1.678000E-20
 797.39473  2.193000E-20
 797.40957  2.455000E-20
 797.42440  2.614000E-20
 797.43924  2.726000E-20
 797.45407  3.442000E-20
 797.46890  7.377000E-20
 797.48374  1.606000E-19
 797.49857  1.552000E-19
 797.51341  7.818000E-20
 797.52824  5.948000E-20
 797.54308  4.131000E-20
 797.55791  2.504000E-20
 797.57275  2.019000E-20
 797.58758  1.772000E-20
 797.60241  1.299000E-20
 797.61725  1.213000E-20
 797.63208  1.549000E-20
 797.64692  2.075000E-20
 797.66175  4.028000E-20
 797.67659  1.164000E-19
 797.69142  1.640000E-19
 797.70626  9.553000E-20
 797.72109  3.884000E-20
 797.73593  1.694000E-20
 797.75076  1.033000E-20
 797.76559  1.176000E-20
 797.78043  1.481000E-20
 797.79526  2.016000E-20
 797.81010  2.174000E-20
 797.82493  2.559000E-20
 797.83977  2.741000E-20
 797.85460  3.287000E-20
 797.86944  8.248000E-20
 797.88427  1.597000E-19
 797.89911  1.316000E-19
 797.91394  5.474000E-20
 797.92877  2.421000E-20
 797.94361  1.953000E-20
 797.95844  2.146000E-20
 797.97328  2.029000E-20
 797.98811  1.415000E-20
 798.00295  8.666000E-21
 798.01778  1.139000E-20
 798.03262  1.321000E-20
 798.04745  1.760000E-20
 798.06228  4.862000E-20
 798.07712  1.300000E-19
 798.09195  1.470000E-19
 798.10679  6.275000E-20
 798.12162  1.902000E-20
 798.13646  1.335000E-20
 798.15129  1.195000E-20
 798.16613  1.227000E-20
 798.18096  1.435000E-20
 798.19580  1.437000E-20
 798.21063  1.812000E-20
 798.22546  2.268000E-20
 798.24030  2.582000E-20
 798.25513  3.820000E-20
 798.26997  1.055000E-19
 798.28480  1.483000E-19
 798.29964  7.296000E-20
 798.31447  1.961000E-20
 798.32931  1.691000E-20
 798.34414  1.746000E-20
 798.35897  1.995000E-20
 798.37381  1.822000E-20
 798.38864  1.516000E-20
 798.40348  1.566000E-20
 798.41831  1.767000E-20
 798.43315  1.529000E-20
 798.44798  2.245000E-20
 798.46282  7.903000E-20
 798.47765  1.408000E-19
 798.49249  8.829000E-20
 798.50732  2.350000E-20
 798.52215  1.582000E-20
 798.53699  1.453000E-20
 798.55182  1.229000E-20
 798.56666  1.109000E-20
 798.58149  1.109000E-20
 798.59633  1.266000E-20
 798.61116  2.007000E-20
 798.62600  2.234000E-20
 798.64083  2.742000E-20
 798.65566  6.439000E-20
 798.67050  1.242000E-19
 798.68533  9.637000E-20
 798.70017  2.756000E-20
 798.71500  9.350000E-21
 798.72984  1.130000E-20
 798.74467  1.381000E-20
 798.75951  1.370000E-20
 798.77434  1.495000E-20
 798.78918  1.380000E-20
 798.80401  1.220000E-20
 798.81884  1.183000E-20
 798.83368  2.146000E-20
 798.84851  5.251000E-20
 798.86335  1.067000E-19
 798.87818  1.053000E-19
 798.89302  4.509000E-20
 798.90785  2.220000E-20
 798.92269  1.988000E-20
 798.93752  1.472000E-20
 798.95236  7.899000E-21
 798.96719  3.947000E-21
 798.98202  5.506000E-21
 798.99686  1.009000E-20
 799.01169  1.657000E-20
 799.02653  2.342000E-20
 799.04136  3.988000E-20
 799.05620  8.115000E-20
 799.07103  9.684000E-20
 799.08587  4.525000E-20
 799.10070  1.219000E-20
 799.11553  1.141000E-20
 799.13037  1.322000E-20
 799.14520  1.641000E-20
 799.16004  2.070000E-20
 799.17487  2.247000E-20
 799.18971  2.279000E-20
 799.20454  2.396000E-20
 799.21938  2.844000E-20
 799.23421  3.645000E-20
 799.24905  6.341000E-20
 799.26388  9.347000E-20
 799.27871  5.424000E-20
 799.29355  1.382000E-20
 799.30838  9.929000E-21
 799.32322  9.308000E-21
 799.33805  7.687000E-21
 799.35289  3.898000E-21
 799.36772  1.552000E-21
 799.38256  2.654000E-21
 799.39739  7.134000E-21
 799.41222  1.574000E-20
 799.42706  2.358000E-20
 799.44189  4.809000E-20
 799.45673  8.133000E-20
 799.47156  5.241000E-20
 799.48640  1.099000E-20
 799.50123  6.460000E-21
 799.51607  7.726000E-21
 799.53090  9.654000E-21
 799.54574  1.422000E-20
 799.56057  1.422000E-20
 799.57540  2.260000E-20
 799.59024  2.815000E-20
 799.60507  2.780000E-20
 799.61991  2.037000E-20
 799.63474  3.436000E-20
 799.64958  6.715000E-20
 799.66441  4.616000E-20
 799.67925  4.370000E-21
 799.69408  0.000000E+00
 799.70892  4.009000E-21
 799.72375  6.684000E-21
 799.73858  6.448000E-21
 799.75342  5.953000E-21
 799.76825  6.242000E-21
 799.78309  1.262000E-20
 799.79792  1.393000E-20
 799.81276  1.032000E-20
 799.82759  3.018000E-20
 799.84243  7.031000E-20
 799.85726  6.401000E-20
 799.87209  2.698000E-20
 799.88693  1.601000E-20
 799.90176  1.311000E-20
 799.91660  1.347000E-20
 799.93143  1.178000E-20
 799.94627  1.294000E-20
 799.96110  1.871000E-20
 799.97594  2.390000E-20
 799.99077  2.335000E-20
 800.00561  2.349000E-20
 800.02044  3.333000E-20
 800.03527  5.962000E-20
 800.05011  5.211000E-20
 800.06494  1.339000E-20
 800.07978  8.629000E-22
 800.09461  1.247000E-21
 800.10945  2.582000E-21
 800.12428  7.059000E-21
 800.13912  1.248000E-20
 800.15395  1.412000E-20
 800.16878  1.385000E-20
 800.18362  6.263000E-21
 800.19845  2.141000E-21
 800.21329  1.840000E-20
 800.22812  5.466000E-20
 800.24296  5.756000E-20
 800.25779  2.445000E-20
 800.27263  1.362000E-20
 800.28746  1.720000E-20
 800.30230  1.456000E-20
 800.31713  9.968000E-21
 800.33196  1.176000E-20
 800.34680  1.312000E-20
 800.36163  1.270000E-20
 800.37647  1.182000E-20
 800.39130  1.161000E-20
 800.40614  1.816000E-20
 800.42097  4.374000E-20
 800.43581  4.478000E-20
 800.45064  1.080000E-20
 800.46547  0.000000E+00
 800.48031  0.000000E+00
 800.49514  3.508000E-21
 800.50998  9.094000E-21
 800.52481  1.624000E-20
 800.53965  1.839000E-20
 800.55448  1.605000E-20
 800.56932  1.056000E-20
 800.58415  9.531000E-21
 800.59899  1.711000E-20
 800.61382  3.887000E-20
 800.62865  4.212000E-20
 800.64349  1.890000E-20
 800.65832  8.397000E-21
 800.67316  9.432000E-21
 800.68799  1.466000E-20
 800.70283  1.735000E-20
 800.71766  1.809000E-20
 800.73250  1.375000E-20
 800.74733  7.876000E-21
 800.76217  5.610000E-21
 800.77700  8.980000E-21
 800.79183  8.980000E-21
 800.80667  4.297000E-20
 800.82150  4.392000E-20
 800.83634  1.773000E-20
 800.85117  2.744000E-21
 800.86601  1.285000E-21
 800.88084  4.117000E-21
 800.89568  8.825000E-21
 800.91051  1.101000E-20
 800.92534  9.266000E-21
 800.94018  1.014000E-20
 800.95501  1.040000E-20
 800.96985  1.198000E-20
 800.98468  1.852000E-20
 800.99952  3.674000E-20
 801.01435  3.246000E-20
 801.02919  7.995000E-21
 801.04402  4.818000E-22
 801.05886  3.805000E-21
 801.07369  7.328000E-21
 801.08852  7.005000E-21
 801.10336  5.009000E-21
 801.11819  4.060000E-21
 801.13303  3.602000E-21
 801.14786  2.246000E-21
 801.16270  5.557000E-21
 801.17753  1.661000E-20
 801.19237  3.538000E-20
 801.20720  3.497000E-20
 801.22203  1.703000E-20
 801.23687  1.225000E-20
 801.25170  1.238000E-20
 801.26654  1.397000E-20
 801.28137  1.295000E-20
 801.29621  6.785000E-21
 801.31104  4.524000E-21
 801.32588  6.787000E-21
 801.34071  7.496000E-21
 801.35555  1.020000E-20
 801.37038  1.669000E-20
 801.38521  2.990000E-20
 801.40005  2.044000E-20
 801.41488  3.575000E-21
 801.42972  4.355000E-21
 801.44455  4.674000E-21
 801.45939  5.078000E-21
 801.47422  7.647000E-21
 801.48906  1.036000E-20
 801.50389  1.110000E-20
 801.51873  1.034000E-20
 801.53356  6.362000E-21
 801.54839  7.367000E-21
 801.56323  1.694000E-20
 801.57806  3.136000E-20
 801.59290  2.668000E-20
 801.60773  1.828000E-20
 801.62257  2.196000E-20
 801.63740  2.230000E-20
 801.65224  1.633000E-20
 801.66707  1.109000E-20
 801.68190  7.960000E-21
 801.69674  3.377000E-21
 801.71157  2.071000E-21
 801.72641  2.071000E-21
 801.74124  7.076000E-21
 801.75608  1.877000E-20
 801.77091  3.005000E-20
 801.78575  1.782000E-20
 801.80058  5.932000E-22
 801.81542  0.000000E+00
 801.83025  0.000000E+00
 801.84508  0.000000E+00
 801.85992  3.103000E-21
 801.87475  6.833000E-21
 801.88959  8.789000E-21
 801.90442  1.242000E-20
 801.91926  1.294000E-20
 801.93409  1.461000E-20
 801.94893  2.388000E-20
 801.96376  2.755000E-20
 801.97859  1.489000E-20
 801.99343  1.143000E-20
 802.00826  1.339000E-20
 802.02310  1.104000E-20
 802.03793  1.124000E-20
 802.05277  1.151000E-20
 802.06760  8.665000E-21
 802.08244  5.412000E-21
 802.09727  8.179000E-22
 802.11211  0.000000E+00
 802.12694  0.000000E+00
 802.14177  1.340000E-20
 802.15661  1.712000E-20
 802.17144  9.485000E-21
 802.18628  9.206000E-21
 802.20111  9.834000E-21
 802.21595  4.977000E-21
 802.23078  2.071000E-21
 802.24562  2.512000E-21
 802.26045  5.802000E-21
 802.27528  8.941000E-21
 802.29012  1.092000E-20
 802.30495  1.454000E-20
 802.31979  2.240000E-20
 802.33462  3.403000E-20
 802.34946  3.305000E-20
 802.36429  1.870000E-20
 802.37913  9.659000E-21
 802.39396  6.606000E-21
 802.40880  4.208000E-21
 802.42363  4.708000E-21
 802.43846  6.883000E-21
 802.45330  6.609000E-21
 802.46813  4.354000E-21
 802.48297  0.000000E+00
 802.49780  0.000000E+00
 802.51264  2.748000E-21
 802.52747  1.112000E-20
 802.54231  1.072000E-20
 802.55714  4.603000E-21
 802.57198  5.481000E-21
 802.58681  9.447000E-21
 802.60164  1.035000E-20
 802.61648  8.310000E-21
 802.63131  5.989000E-21
 802.64615  6.620000E-21
 802.66098  6.389000E-21
 802.67582  4.623000E-21
 802.69065  5.962000E-21
 802.70549  1.718000E-20
 802.72032  2.635000E-20
 802.73515  2.291000E-20
 802.74999  1.557000E-20
 802.76482  1.186000E-20
 802.77966  8.140000E-21
 802.79449  3.683000E-21
 802.80933  1.437000E-21
 802.82416  8.533000E-22
 802.83900  1.531000E-21
 802.85383  3.787000E-21
 802.86867  4.352000E-21
 802.88350  5.984000E-21
 802.89833  1.228000E-20
 802.91317  1.146000E-20
 802.92800  3.832000E-21
 802.94284  2.582000E-21
 802.95767  5.469000E-21
 802.97251  9.711000E-21
 802.98734  1.452000E-20
 803.00218  1.625000E-20
 803.01701  1.521000E-20
 803.03184  9.649000E-21
 803.04668  6.155000E-21
 803.06151  3.479000E-21
 803.07635  9.238000E-21
 803.09118  1.814000E-20
 803.10602  1.680000E-20
 803.12085  1.022000E-20
 803.13569  8.111000E-21
 803.15052  1.064000E-20
 803.16536  8.691000E-21
 803.18019  1.891000E-21
 803.19502  9.573000E-22
 803.20986  2.240000E-22
 803.22469  2.287000E-21
 803.23953  7.269000E-21
 803.25436  1.017000E-20
 803.26920  1.412000E-20
 803.28403  1.816000E-20
 803.29887  1.205000E-20
 803.31370  3.211000E-21
 803.32854  1.360000E-22
 803.34337  2.221000E-21
 803.35820  2.202000E-21
 803.37304  3.237000E-21
 803.38787  6.961000E-21
 803.40271  8.424000E-21
 803.41754  8.975000E-21
 803.43238  8.448000E-21
 803.44721  9.738000E-21
 803.46205  9.684000E-21
 803.47688  7.418000E-21
 803.49171  3.274000E-21
 803.50655  0.000000E+00
 803.52138  1.077000E-21
 803.53622  6.569000E-21
 803.55105  1.028000E-20
 803.56589  9.407000E-21
 803.58072  4.861000E-21
 803.59556  4.424000E-22
 803.61039  0.000000E+00
 803.62523  3.169000E-23
 803.64006  5.809000E-21
 803.65489  1.343000E-20
 803.66973  1.275000E-20
 803.68456  8.160000E-21
 803.69940  8.160000E-21
 803.71423  7.333000E-21
 803.72907  4.216000E-21
 803.74390  1.579000E-21
 803.75874  1.636000E-21
 803.77357  6.160000E-22
 803.78840  3.036000E-21
 803.80324  7.271000E-21
 803.81807  7.338000E-21
 803.83291  7.818000E-21
 803.84774  8.363000E-21
 803.86258  2.513000E-21
 803.87741  0.000000E+00
 803.89225  0.000000E+00
 803.90708  2.634000E-21
 803.92192  6.816000E-21
 803.93675  9.130000E-21
 803.95158  7.950000E-21
 803.96642  9.209000E-21
 803.98125  1.288000E-20
 803.99609  1.077000E-20
 804.01092  9.067000E-21
 804.02576  1.322000E-20
 804.04059  1.260000E-20
 804.05543  9.942000E-21
 804.07026  1.189000E-20
 804.08509  1.184000E-20
 804.09993  7.993000E-21
 804.11476  2.959000E-21
 804.12960  2.680000E-21
 804.14443  5.963000E-22
 804.15927  0.000000E+00
 804.17410  0.000000E+00
 804.18894  9.219000E-22
 804.20377  5.251000E-21
 804.21861  6.311000E-21
 804.23344  1.615000E-21
 804.24827  0.000000E+00
 804.26311  8.438000E-22
 804.27794  1.767000E-21
 804.29278  3.775000E-21
 804.30761  2.931000E-21
 804.32245  5.190000E-21
 804.33728  8.471000E-21
 804.35212  1.475000E-20
 804.36695  2.027000E-20
 804.38179  2.104000E-20
 804.39662  1.854000E-20
 804.41145  1.234000E-20
 804.42629  7.230000E-21
 804.44112  3.992000E-21
 804.45596  3.873000E-21
 804.47079  7.139000E-21
 804.48563  9.488000E-21
 804.50046  6.184000E-21
 804.51530  5.385000E-22
 804.53013  0.000000E+00
 804.54496  0.000000E+00
 804.55980  0.000000E+00
 804.57463  0.000000E+00
 804.58947  3.236000E-21
 804.60430  5.132000E-21
 804.61914  1.007000E-20
 804.63397  1.328000E-20
 804.64881  9.965000E-21
 804.66364  7.700000E-21
 804.67848  7.280000E-21
 804.69331  3.843000E-21
 804.70814  0.000000E+00
 804.72298  1.436000E-21
 804.73781  7.178000E-21
 804.75265  1.092000E-20
 804.76748  1.380000E-20
 804.78232  1.197000E-20
 804.79715  8.192000E-21
 804.81199  5.538000E-21
 804.82682  3.690000E-21
 804.84165  2.060000E-21
 804.85649  6.523000E-22
 804.87132  1.322000E-21
 804.88616  3.454000E-21
 804.90099  3.324000E-21
 804.91583  2.591000E-21
 804.93066  3.414000E-21
 804.94550  4.376000E-21
 804.96033  3.714000E-21
 804.97517  0.000000E+00
 804.99000  0.000000E+00
