 765.01100  0.000000E+00
 765.02583  1.637000E-20
 765.04067  3.420000E-20
 765.05550  3.255000E-20
 765.07034  3.537000E-20
 765.08517  3.463000E-20
 765.10001  2.376000E-20
 765.11484  1.864000E-20
 765.12968  1.861000E-20
 765.14451  1.902000E-20
 765.15935  1.509000E-20
 765.17418  1.417000E-20
 765.18901  1.793000E-20
 765.20385  1.891000E-20
 765.21868  1.948000E-20
 765.23352  1.823000E-20
 765.24835  1.633000E-20
 765.26319  2.184000E-20
 765.27802  4.116000E-20
 765.29286  4.737000E-20
 765.30769  3.768000E-20
 765.32252  3.768000E-20
 765.33736  1.388000E-20
 765.35219  8.071000E-21
 765.36703  7.028000E-21
 765.38186  5.293000E-21
 765.39670  1.228000E-21
 765.41153  3.675000E-22
 765.42637  1.657000E-21
 765.44120  4.545000E-21
 765.45604  8.604000E-21
 765.47087  1.243000E-20
 765.48570  1.586000E-20
 765.50054  1.991000E-20
 765.51537  3.855000E-20
 765.53021  6.457000E-20
 765.54504  6.648000E-20
 765.55988  5.117000E-20
 765.57471  2.808000E-20
 765.58955  1.331000E-20
 765.60438  8.650000E-21
 765.61921  7.328000E-21
 765.63405  8.455000E-21
 765.64888  7.260000E-21
 765.66372  5.685000E-21
 765.67855  4.626000E-21
 765.69339  4.216000E-21
 765.70822  4.302000E-21
 765.72306  2.292000E-21
 765.73789  1.979000E-21
 765.75273  1.160000E-20
 765.76756  4.295000E-20
 765.78239  7.528000E-20
 765.79723  6.643000E-20
 765.81206  3.364000E-20
 765.82690  1.285000E-20
 765.84173  9.129000E-21
 765.85657  9.791000E-21
 765.87140  1.017000E-20
 765.88624  1.133000E-20
 765.90107  1.700000E-20
 765.91591  1.869000E-20
 765.93074  1.725000E-20
 765.94557  1.650000E-20
 765.96041  1.555000E-20
 765.97524  1.623000E-20
 765.99008  1.591000E-20
 766.00491  2.994000E-20
 766.01975  7.237000E-20
 766.03458  8.792000E-20
 766.04942  5.184000E-20
 766.06425  2.221000E-20
 766.07908  1.059000E-20
 766.09392  4.816000E-21
 766.10875  1.598000E-21
 766.12359  0.000000E+00
 766.13842  0.000000E+00
 766.15326  2.753000E-21
 766.16809  8.957000E-21
 766.18293  1.158000E-20
 766.19776  1.483000E-20
 766.21260  1.784000E-20
 766.22743  1.545000E-20
 766.24226  1.670000E-20
 766.25710  5.270000E-20
 766.27193  5.270000E-20
 766.28677  7.578000E-20
 766.30160  3.740000E-20
 766.31644  2.221000E-20
 766.33127  1.598000E-20
 766.34611  1.299000E-20
 766.36094  1.112000E-20
 766.37577  1.020000E-20
 766.39061  1.001000E-20
 766.40544  1.131000E-20
 766.42028  1.127000E-20
 766.43511  1.507000E-20
 766.44995  1.892000E-20
 766.46478  2.048000E-20
 766.47962  2.478000E-20
 766.49445  5.266000E-20
 766.50929  1.067000E-19
 766.52412  1.073000E-19
 766.53895  5.526000E-20
 766.55379  2.604000E-20
 766.56862  1.518000E-20
 766.58346  1.149000E-20
 766.59829  8.652000E-21
 766.61313  8.214000E-21
 766.62796  8.971000E-21
 766.64280  9.182000E-21
 766.65763  5.297000E-21
 766.67246  7.370000E-22
 766.68730  3.168000E-21
 766.70213  1.075000E-20
 766.71697  1.343000E-20
 766.73180  3.767000E-20
 766.74664  9.131000E-20
 766.76147  1.230000E-19
 766.77631  9.042000E-20
 766.79114  4.700000E-20
 766.80598  2.326000E-20
 766.82081  1.605000E-20
 766.83564  1.502000E-20
 766.85048  1.159000E-20
 766.86531  1.337000E-20
 766.88015  1.974000E-20
 766.89498  1.974000E-20
 766.90982  1.156000E-20
 766.92465  7.295000E-21
 766.93949  3.892000E-21
 766.95432  6.520000E-21
 766.96916  2.489000E-20
 766.98399  6.483000E-20
 766.99882  1.044000E-19
 767.01366  1.004000E-19
 767.02849  5.667000E-20
 767.04333  2.661000E-20
 767.05816  1.291000E-20
 767.07300  5.466000E-21
 767.08783  5.520000E-21
 767.10267  1.006000E-20
 767.11750  1.717000E-20
 767.13233  2.336000E-20
 767.14717  2.140000E-20
 767.16200  1.885000E-20
 767.17684  1.808000E-20
 767.19167  2.088000E-20
 767.20651  3.516000E-20
 767.22134  6.454000E-20
 767.23618  9.458000E-20
 767.25101  1.188000E-19
 767.26585  9.554000E-20
 767.28068  5.104000E-20
 767.29551  2.679000E-20
 767.31035  1.440000E-20
 767.32518  6.191000E-21
 767.34002  0.000000E+00
 767.35485  0.000000E+00
 767.36969  5.367000E-21
 767.38452  7.585000E-21
 767.39936  6.708000E-21
 767.41419  7.778000E-21
 767.42902  1.383000E-20
 767.44386  3.005000E-20
 767.45869  5.472000E-20
 767.47353  6.928000E-20
 767.48836  1.031000E-19
 767.50320  1.141000E-19
 767.51803  7.108000E-20
 767.53287  4.191000E-20
 767.54770  2.827000E-20
 767.56254  2.165000E-20
 767.57737  2.045000E-20
 767.59220  2.217000E-20
 767.60704  2.207000E-20
 767.62187  2.064000E-20
 767.63671  1.557000E-20
 767.65154  1.307000E-20
 767.66638  1.610000E-20
 767.68121  3.832000E-20
 767.69605  6.522000E-20
 767.71088  6.340000E-20
 767.72572  7.722000E-20
 767.74055  1.132000E-19
 767.75538  8.317000E-20
 767.77022  3.109000E-20
 767.78505  1.024000E-20
 767.79989  7.520000E-21
 767.81472  1.239000E-20
 767.82956  1.856000E-20
 767.84439  2.590000E-20
 767.85923  2.652000E-20
 767.87406  2.253000E-20
 767.88889  1.708000E-20
 767.90373  1.768000E-20
 767.91856  4.496000E-20
 767.93340  8.028000E-20
 767.94823  7.050000E-20
 767.96307  7.077000E-20
 767.97790  1.236000E-19
 767.99274  1.261000E-19
 768.00757  6.668000E-20
 768.02241  2.723000E-20
 768.03724  9.529000E-21
 768.05207  4.590000E-21
 768.06691  7.504000E-21
 768.08174  1.607000E-20
 768.09658  2.114000E-20
 768.11141  1.666000E-20
 768.12625  1.177000E-20
 768.14108  1.594000E-20
 768.15592  4.267000E-20
 768.17075  7.364000E-20
 768.18558  5.629000E-20
 768.20042  4.290000E-20
 768.21525  9.766000E-20
 768.23009  1.443000E-19
 768.24492  9.973000E-20
 768.25976  5.033000E-20
 768.27459  2.798000E-20
 768.28943  1.743000E-20
 768.30426  1.699000E-20
 768.31910  2.065000E-20
 768.33393  2.576000E-20
 768.34876  2.576000E-20
 768.36360  1.972000E-20
 768.37843  2.031000E-20
 768.39327  4.986000E-20
 768.40810  8.362000E-20
 768.42294  6.245000E-20
 768.43777  3.469000E-20
 768.45261  6.455000E-20
 768.46744  1.368000E-19
 768.48227  1.278000E-19
 768.49711  6.261000E-20
 768.51194  3.144000E-20
 768.52678  2.030000E-20
 768.54161  1.784000E-20
 768.55645  2.145000E-20
 768.57128  2.523000E-20
 768.58612  2.201000E-20
 768.60095  1.867000E-20
 768.61579  2.753000E-20
 768.63062  6.486000E-20
 768.64545  9.352000E-20
 768.66029  6.929000E-20
 768.67512  3.804000E-20
 768.68996  5.200000E-20
 768.70479  1.245000E-19
 768.71963  1.572000E-19
 768.73446  9.380000E-20
 768.74930  4.502000E-20
 768.76413  2.652000E-20
 768.77897  2.089000E-20
 768.79380  2.089000E-20
 768.80863  2.889000E-20
 768.82347  2.348000E-20
 768.83830  1.367000E-20
 768.85314  2.118000E-20
 768.86797  6.607000E-20
 768.88281  9.162000E-20
 768.89764  6.260000E-20
 768.91248  3.274000E-20
 768.92731  3.593000E-20
 768.94214  9.788000E-20
 768.95698  1.707000E-19
 768.97181  1.284000E-19
 768.98665  5.960000E-20
 769.00148  3.003000E-20
 769.01632  2.221000E-20
 769.03115  2.280000E-20
 769.04599  2.681000E-20
 769.06082  2.498000E-20
 769.07566  1.888000E-20
 769.09049  2.684000E-20
 769.10532  6.964000E-20
 769.12016  8.289000E-20
 769.13499  5.197000E-20
 769.14983  3.011000E-20
 769.16466  3.011000E-20
 769.17950  7.889000E-20
 769.19433  1.765000E-19
 769.20917  1.736000E-19
 769.22400  8.884000E-20
 769.23883  4.142000E-20
 769.25367  2.759000E-20
 769.26850  2.316000E-20
 769.28334  2.655000E-20
 769.29817  2.879000E-20
 769.31301  2.516000E-20
 769.32784  4.066000E-20
 769.34268  8.634000E-20
 769.35751  8.894000E-20
 769.37235  4.587000E-20
 769.38718  2.139000E-20
 769.40201  1.426000E-20
 769.41685  4.386000E-20
 769.43168  1.465000E-19
 769.44652  1.975000E-19
 769.46135  1.975000E-19
 769.47619  4.630000E-20
 769.49102  2.651000E-20
 769.50586  2.311000E-20
 769.52069  2.311000E-20
 769.53553  2.664000E-20
 769.55036  2.947000E-20
 769.56519  5.749000E-20
 769.58003  1.046000E-19
 769.59486  9.403000E-20
 769.60970  5.428000E-20
 769.62453  3.630000E-20
 769.63937  2.451000E-20
 769.65420  3.895000E-20
 769.66904  1.272000E-19
 769.68387  2.133000E-19
 769.69870  1.517000E-19
 769.71354  6.640000E-20
 769.72837  3.564000E-20
 769.74321  2.772000E-20
 769.75804  2.541000E-20
 769.77288  2.728000E-20
 769.78771  2.943000E-20
 769.80255  6.032000E-20
 769.81738  9.752000E-20
 769.83222  7.532000E-20
 769.84705  3.837000E-20
 769.86188  2.893000E-20
 769.87672  2.366000E-20
 769.89155  3.637000E-20
 769.90639  1.094000E-19
 769.92122  2.213000E-19
 769.93606  1.958000E-19
 769.95089  9.674000E-20
 769.96573  5.007000E-20
 769.98056  3.951000E-20
 769.99539  3.755000E-20
 770.01023  4.069000E-20
 770.02506  5.082000E-20
 770.03990  9.272000E-20
 770.05473  1.179000E-19
 770.06957  6.983000E-20
 770.08440  2.917000E-20
 770.09924  2.151000E-20
 770.11407  1.843000E-20
 770.12891  2.314000E-20
 770.14374  7.645000E-20
 770.15857  1.990000E-19
 770.17341  2.143000E-19
 770.18824  1.074000E-19
 770.20308  4.524000E-20
 770.21791  2.642000E-20
 770.23275  2.040000E-20
 770.24758  2.863000E-20
 770.26242  5.997000E-20
 770.27725  1.200000E-19
 770.29208  1.240000E-19
 770.30692  6.718000E-20
 770.32175  3.576000E-20
 770.33659  3.443000E-20
 770.35142  3.648000E-20
 770.36626  4.117000E-20
 770.38109  7.843000E-20
 770.39593  1.992000E-19
 770.41076  2.613000E-19
 770.42560  1.582000E-19
 770.44043  7.025000E-20
 770.45526  3.916000E-20
 770.47010  2.287000E-20
 770.48493  2.295000E-20
 770.49977  6.184000E-20
 770.51460  1.181000E-19
 770.52944  9.727000E-20
 770.54427  3.686000E-20
 770.55911  2.096000E-20
 770.57394  2.726000E-20
 770.58878  3.146000E-20
 770.60361  3.074000E-20
 770.61844  5.378000E-20
 770.63328  1.676000E-19
 770.64811  2.723000E-19
 770.66295  1.898000E-19
 770.67778  8.929000E-20
 770.69262  5.067000E-20
 770.70745  3.600000E-20
 770.72229  3.600000E-20
 770.73712  1.009000E-19
 770.75195  1.419000E-19
 770.76679  8.802000E-20
 770.78162  2.865000E-20
 770.79646  2.026000E-20
 770.81129  3.180000E-20
 770.82613  3.636000E-20
 770.84096  3.083000E-20
 770.85580  4.614000E-20
 770.87063  1.460000E-19
 770.88547  2.780000E-19
 770.90030  2.211000E-19
 770.91513  9.735000E-20
 770.92997  4.551000E-20
 770.94480  3.099000E-20
 770.95964  5.383000E-20
 770.97447  1.260000E-19
 770.98931  1.407000E-19
 771.00414  6.665000E-20
 771.01898  2.240000E-20
 771.03381  1.958000E-20
 771.04864  3.013000E-20
 771.06348  3.517000E-20
 771.07831  3.432000E-20
 771.09315  4.818000E-20
 771.10798  1.368000E-19
 771.12282  2.889000E-19
 771.13765  2.649000E-19
 771.15249  1.224000E-19
 771.16732  4.763000E-20
 771.18216  3.004000E-20
 771.19699  7.415000E-20
 771.21182  1.528000E-19
 771.22666  1.328000E-19
 771.24149  4.925000E-20
 771.25633  1.706000E-20
 771.27116  1.844000E-20
 771.28600  2.740000E-20
 771.30083  2.954000E-20
 771.31567  3.047000E-20
 771.33050  3.857000E-20
 771.34534  1.212000E-19
 771.36017  2.917000E-19
 771.37500  3.030000E-19
 771.38984  1.497000E-19
 771.40467  6.027000E-20
 771.41951  4.439000E-20
 771.43434  1.059000E-19
 771.44918  1.636000E-19
 771.46401  1.029000E-19
 771.47885  3.286000E-20
 771.49368  2.113000E-20
 771.50851  2.625000E-20
 771.52335  3.366000E-20
 771.53818  3.693000E-20
 771.55302  3.615000E-20
 771.56785  3.776000E-20
 771.58269  1.042000E-19
 771.59752  2.787000E-19
 771.61236  3.233000E-19
 771.62719  1.681000E-19
 771.64203  6.794000E-20
 771.65686  6.974000E-20
 771.67169  1.511000E-19
 771.68653  1.658000E-19
 771.70136  7.303000E-20
 771.71620  2.049000E-20
 771.73103  1.579000E-20
 771.74587  2.068000E-20
 771.76070  2.965000E-20
 771.77554  3.892000E-20
 771.79037  3.889000E-20
 771.80520  4.255000E-20
 771.82004  1.018000E-19
 771.83487  2.788000E-19
 771.84971  3.439000E-19
 771.86454  1.769000E-19
 771.87938  6.312000E-20
 771.89421  8.987000E-20
 771.90905  1.736000E-19
 771.92388  1.409000E-19
 771.93872  5.199000E-20
 771.95355  2.398000E-20
 771.96838  1.918000E-20
 771.98322  2.021000E-20
 771.99805  3.085000E-20
 772.01289  4.233000E-20
 772.02772  4.747000E-20
 772.04256  5.533000E-20
 772.05739  1.064000E-19
 772.07223  2.815000E-19
 772.08706  3.653000E-19
 772.10189  2.010000E-19
 772.11673  8.542000E-20
 772.13156  1.310000E-19
 772.14640  1.736000E-19
 772.16123  9.684000E-20
 772.17607  3.145000E-20
 772.19090  1.555000E-20
 772.20574  9.586000E-21
 772.22057  1.293000E-20
 772.23541  2.299000E-20
 772.25024  3.782000E-20
 772.26507  4.297000E-20
 772.27991  4.787000E-20
 772.29474  9.771000E-20
 772.30958  2.787000E-19
 772.32441  3.822000E-19
 772.33925  2.251000E-19
 772.35408  1.318000E-19
 772.36892  1.830000E-19
 772.38375  1.601000E-19
 772.39859  6.977000E-20
 772.41342  2.643000E-20
 772.42825  1.913000E-20
 772.44309  2.272000E-20
 772.45792  2.720000E-20
 772.47276  3.421000E-20
 772.48759  4.329000E-20
 772.50243  4.423000E-20
 772.51726  4.350000E-20
 772.53210  8.462000E-20
 772.54693  2.610000E-19
 772.56176  3.771000E-19
 772.57660  2.358000E-19
 772.59143  1.694000E-19
 772.60627  1.874000E-19
 772.62110  1.098000E-19
 772.63594  4.395000E-20
 772.65077  2.185000E-20
 772.66561  1.734000E-20
 772.68044  2.150000E-20
 772.69528  3.395000E-20
 772.71011  4.757000E-20
 772.72494  6.160000E-20
 772.73978  6.324000E-20
 772.75461  6.279000E-20
 772.76945  1.051000E-19
 772.78428  2.823000E-19
 772.79912  4.025000E-19
 772.81395  2.835000E-19
 772.82879  2.158000E-19
 772.84362  1.601000E-19
 772.85845  6.898000E-20
 772.87329  3.525000E-20
 772.88812  1.905000E-20
 772.90296  1.458000E-20
 772.91779  7.484000E-21
 772.93263  1.671000E-20
 772.94746  3.032000E-20
 772.96230  4.534000E-20
 772.97713  4.739000E-20
 772.99197  5.637000E-20
 773.00680  1.071000E-19
 773.02163  2.927000E-19
 773.03647  4.345000E-19
 773.05130  3.452000E-19
 773.06614  2.289000E-19
 773.08097  1.126000E-19
 773.09581  5.124000E-20
 773.11064  4.113000E-20
 773.12548  2.989000E-20
 773.14031  2.643000E-20
 773.15515  2.235000E-20
 773.16998  3.017000E-20
 773.18481  4.343000E-20
 773.19965  5.979000E-20
 773.21448  5.846000E-20
 773.22932  5.788000E-20
 773.24415  1.038000E-19
 773.25899  3.052000E-19
 773.27382  4.888000E-19
 773.28866  3.933000E-19
 773.30349  1.838000E-19
 773.31832  5.732000E-20
 773.33316  3.499000E-20
 773.34799  2.637000E-20
 773.36283  1.462000E-20
 773.37766  1.257000E-20
 773.39250  1.721000E-20
 773.40733  3.208000E-20
 773.42217  5.328000E-20
 773.43700  6.516000E-20
 773.45184  6.476000E-20
 773.46667  6.423000E-20
 773.48150  1.140000E-19
 773.49634  3.421000E-19
 773.51117  5.531000E-19
 773.52601  3.794000E-19
 773.54084  1.264000E-19
 773.55568  5.293000E-20
 773.57051  4.932000E-20
 773.58535  3.391000E-20
 773.60018  1.933000E-20
 773.61501  1.363000E-20
 773.62985  1.768000E-20
 773.64468  3.593000E-20
 773.65952  5.101000E-20
 773.67435  6.245000E-20
 773.68919  6.245000E-20
 773.70402  5.624000E-20
 773.71886  1.225000E-19
 773.73369  4.016000E-19
 773.74853  5.765000E-19
 773.76336  2.891000E-19
 773.77819  6.224000E-20
 773.79303  3.858000E-20
 773.80786  4.187000E-20
 773.82270  2.802000E-20
 773.83753  2.084000E-20
 773.85237  2.185000E-20
 773.86720  2.587000E-20
 773.88204  4.120000E-20
 773.89687  5.382000E-20
 773.91171  6.436000E-20
 773.92654  6.511000E-20
 773.94137  6.311000E-20
 773.95621  1.593000E-19
 773.97104  4.564000E-19
 773.98588  5.131000E-19
 774.00071  1.980000E-19
 774.01555  4.150000E-20
 774.03038  3.705000E-20
 774.04522  3.363000E-20
 774.06005  2.103000E-20
 774.07488  1.958000E-20
 774.08972  2.390000E-20
 774.10455  3.063000E-20
 774.11939  4.708000E-20
 774.13422  6.309000E-20
 774.14906  6.708000E-20
 774.16389  5.594000E-20
 774.17873  6.902000E-20
 774.19356  2.445000E-19
 774.20840  5.607000E-19
 774.22323  4.735000E-19
 774.23806  1.509000E-19
 774.25290  4.517000E-20
 774.26773  4.070000E-20
 774.28257  2.898000E-20
 774.29740  1.517000E-20
 774.31224  1.604000E-20
 774.32707  2.346000E-20
 774.34191  3.891000E-20
 774.35674  5.541000E-20
 774.37157  7.198000E-20
 774.38641  7.556000E-20
 774.40124  7.188000E-20
 774.41608  1.263000E-19
 774.43091  3.524000E-19
 774.44575  5.662000E-19
 774.46058  3.873000E-19
 774.47542  1.176000E-19
 774.49025  4.618000E-20
 774.50509  3.944000E-20
 774.51992  2.402000E-20
 774.53475  1.788000E-20
 774.54959  1.890000E-20
 774.56442  2.030000E-20
 774.57926  2.866000E-20
 774.59409  4.564000E-20
 774.60893  6.035000E-20
 774.62376  6.010000E-20
 774.63860  8.072000E-20
 774.65343  1.895000E-19
 774.66826  3.802000E-19
 774.68310  4.982000E-19
 774.69793  3.173000E-19
 774.71277  9.138000E-20
 774.72760  5.299000E-20
 774.74244  5.071000E-20
 774.75727  3.795000E-20
 774.77211  3.466000E-20
 774.78694  4.315000E-20
 774.80178  4.262000E-20
 774.81661  4.814000E-20
 774.83144  5.943000E-20
 774.84628  6.710000E-20
 774.86111  7.456000E-20
 774.87595  1.366000E-19
 774.89078  2.394000E-19
 774.90562  3.590000E-19
 774.92045  4.499000E-19
 774.93529  2.548000E-19
 774.95012  6.400000E-20
 774.96496  3.840000E-20
 774.97979  2.406000E-20
 774.99462  1.377000E-20
 775.00946  1.675000E-20
 775.02429  2.778000E-20
 775.03913  3.281000E-20
 775.05396  5.129000E-20
 775.06880  6.638000E-20
 775.08363  7.913000E-20
 775.09847  1.190000E-19
 775.11330  1.995000E-19
 775.12813  2.244000E-19
 775.14297  3.499000E-19
 775.15780  4.359000E-19
 775.17264  2.094000E-19
 775.18747  6.845000E-20
 775.20231  4.798000E-20
 775.21714  2.736000E-20
 775.23198  1.796000E-20
 775.24681  1.961000E-20
 775.26165  2.247000E-20
 775.27648  2.644000E-20
 775.29131  4.095000E-20
 775.30615  5.827000E-20
 775.32098  9.499000E-20
 775.33582  1.733000E-19
 775.35065  1.800000E-19
 775.36549  1.656000E-19
 775.38032  3.637000E-19
 775.39516  3.878000E-19
 775.40999  1.457000E-19
 775.42482  5.280000E-20
 775.43966  4.085000E-20
 775.45449  2.848000E-20
 775.46933  3.245000E-20
 775.48416  3.544000E-20
 775.49900  3.592000E-20
 775.51383  4.164000E-20
 775.52867  5.990000E-20
 775.54350  8.984000E-20
 775.55834  1.666000E-19
 775.57317  2.029000E-19
 775.58800  1.227000E-19
 775.60284  1.892000E-19
 775.61767  4.140000E-19
 775.63251  3.287000E-19
 775.64734  9.279000E-20
 775.66218  3.248000E-20
 775.67701  2.204000E-20
 775.69185  2.103000E-20
 775.70668  2.261000E-20
 775.72152  2.602000E-20
 775.73635  3.074000E-20
 775.75118  4.677000E-20
 775.76602  7.204000E-20
 775.78085  1.369000E-19
 775.79569  1.991000E-19
 775.81052  1.312000E-19
 775.82536  8.025000E-20
 775.84019  2.499000E-19
 775.85503  4.369000E-19
 775.86986  2.641000E-19
 775.88469  7.631000E-20
 775.89953  4.550000E-20
 775.91436  3.051000E-20
 775.92920  3.056000E-20
 775.94403  2.953000E-20
 775.95887  3.160000E-20
 775.97370  3.731000E-20
 775.98854  6.523000E-20
 776.00337  1.210000E-19
 776.01821  2.031000E-19
 776.03304  1.592000E-19
 776.04787  6.132000E-20
 776.06271  9.388000E-20
 776.07754  3.157000E-19
 776.09238  4.059000E-19
 776.10721  1.779000E-19
 776.12205  5.403000E-20
 776.13688  3.581000E-20
 776.15172  2.846000E-20
 776.16655  2.620000E-20
 776.18138  2.073000E-20
 776.19622  2.015000E-20
 776.21105  3.631000E-20
 776.22589  8.549000E-20
 776.24072  1.730000E-19
 776.25556  1.739000E-19
 776.27039  7.583000E-20
 776.28523  4.965000E-20
 776.30006  1.531000E-19
 776.31490  3.809000E-19
 776.32973  3.419000E-19
 776.34456  1.141000E-19
 776.35940  4.166000E-20
 776.37423  3.081000E-20
 776.38907  2.762000E-20
 776.40390  2.507000E-20
 776.41874  2.715000E-20
 776.43357  3.192000E-20
 776.44841  6.556000E-20
 776.46324  1.512000E-19
 776.47807  1.775000E-19
 776.49291  8.850000E-20
 776.50774  3.761000E-20
 776.52258  5.689000E-20
 776.53741  2.254000E-19
 776.55225  4.095000E-19
 776.56708  2.525000E-19
 776.58192  6.735000E-20
 776.59675  3.256000E-20
 776.61159  2.204000E-20
 776.62642  2.021000E-20
 776.64125  1.762000E-20
 776.65609  2.370000E-20
 776.67092  4.485000E-20
 776.68576  1.297000E-19
 776.70059  1.811000E-19
 776.71543  1.811000E-19
 776.73026  4.098000E-20
 776.74510  3.098000E-20
 776.75993  9.142000E-20
 776.77477  3.062000E-19
 776.78960  3.838000E-19
 776.80443  1.721000E-19
 776.81927  5.950000E-20
 776.83410  4.392000E-20
 776.84894  3.475000E-20
 776.86377  3.063000E-20
 776.87861  2.725000E-20
 776.89344  3.918000E-20
 776.90828  1.064000E-19
 776.92311  1.760000E-19
 776.93794  1.192000E-19
 776.95278  5.465000E-20
 776.96761  3.732000E-20
 776.98245  4.451000E-20
 776.99728  1.581000E-19
 777.01212  3.617000E-19
 777.02695  2.902000E-19
 777.04179  8.577000E-20
 777.05662  3.332000E-20
 777.07146  3.012000E-20
 777.08629  3.506000E-20
 777.10112  3.470000E-20
 777.11596  4.627000E-20
 777.13079  9.639000E-20
 777.14563  1.701000E-19
 777.16046  1.369000E-19
 777.17530  7.687000E-20
 777.19013  6.074000E-20
 777.20497  5.293000E-20
 777.21980  8.148000E-20
 777.23463  2.451000E-19
 777.24947  3.691000E-19
 777.26430  1.917000E-19
 777.27914  4.495000E-20
 777.29397  1.858000E-20
 777.30881  1.502000E-20
 777.32364  1.219000E-20
 777.33848  1.461000E-20
 777.35331  6.167000E-20
 777.36815  1.328000E-19
 777.38298  1.103000E-19
 777.39781  5.050000E-20
 777.41265  3.591000E-20
 777.42748  2.565000E-20
 777.44232  3.067000E-20
 777.45715  1.103000E-19
 777.47199  3.122000E-19
 777.48682  3.122000E-19
 777.50166  1.135000E-19
 777.51649  3.715000E-20
 777.53133  3.336000E-20
 777.54616  3.325000E-20
 777.56099  3.098000E-20
 777.57583  6.674000E-20
 777.59066  1.253000E-19
 777.60550  1.083000E-19
 777.62033  5.974000E-20
 777.63517  5.058000E-20
 777.65000  4.128000E-20
 777.66484  2.980000E-20
 777.67967  4.576000E-20
 777.69450  1.907000E-19
 777.70934  3.418000E-19
 777.72417  1.994000E-19
 777.73901  3.740000E-20
 777.75384  1.179000E-20
 777.76868  1.158000E-20
 777.78351  1.572000E-20
 777.79835  4.632000E-20
 777.81318  1.059000E-19
 777.82802  9.253000E-20
 777.84285  4.870000E-20
 777.85768  4.233000E-20
 777.87252  4.718000E-20
 777.88735  4.504000E-20
 777.90219  4.322000E-20
 777.91702  1.075000E-19
 777.93186  2.902000E-19
 777.94669  3.075000E-19
 777.96153  1.132000E-19
 777.97636  2.967000E-20
 777.99119  1.993000E-20
 778.00603  2.049000E-20
 778.02086  2.049000E-20
 778.03570  1.029000E-19
 778.05053  8.946000E-20
 778.06537  4.506000E-20
 778.08020  4.122000E-20
 778.09504  4.068000E-20
 778.10987  3.181000E-20
 778.12471  2.201000E-20
 778.13954  3.975000E-20
 778.15437  1.716000E-19
 778.16921  3.198000E-19
 778.18404  2.014000E-19
 778.19888  5.935000E-20
 778.21371  3.777000E-20
 778.22855  3.406000E-20
 778.24338  6.189000E-20
 778.25822  1.144000E-19
 778.27305  1.041000E-19
 778.28788  6.044000E-20
 778.30272  6.562000E-20
 778.31755  6.562000E-20
 778.33239  7.049000E-20
 778.34722  6.002000E-20
 778.36206  5.603000E-20
 778.37689  1.107000E-19
 778.39173  2.767000E-19
 778.40656  2.827000E-19
 778.42140  1.039000E-19
 778.43623  2.524000E-20
 778.45106  1.364000E-20
 778.46590  3.823000E-20
 778.48073  8.875000E-20
 778.49557  8.875000E-20
 778.51040  2.281000E-20
 778.52524  2.409000E-20
 778.54007  3.396000E-20
 778.55491  3.475000E-20
 778.56974  2.927000E-20
 778.58458  2.000000E-20
 778.59941  3.731000E-20
 778.61424  1.646000E-19
 778.62908  2.805000E-19
 778.64391  1.533000E-19
 778.65875  2.666000E-20
 778.67358  1.582000E-20
 778.68842  4.162000E-20
 778.70325  8.613000E-20
 778.71809  6.725000E-20
 778.73292  2.581000E-20
 778.74775  2.195000E-20
 778.76259  3.518000E-20
 778.77742  3.798000E-20
 778.79226  3.209000E-20
 778.80709  2.262000E-20
 778.82193  2.541000E-20
 778.83676  9.111000E-20
 778.85160  2.382000E-19
 778.86643  2.172000E-19
 778.88127  6.111000E-20
 778.89610  1.405000E-20
 778.91093  3.383000E-20
 778.92577  7.072000E-20
 778.94060  5.404000E-20
 778.95544  1.892000E-20
 778.97027  1.389000E-20
 778.98511  2.714000E-20
 778.99994  3.663000E-20
 779.01478  3.185000E-20
 779.02961  2.392000E-20
 779.04444  1.942000E-20
 779.05928  4.491000E-20
 779.07411  1.619000E-19
 779.08895  2.351000E-19
 779.10378  1.082000E-19
 779.11862  2.188000E-20
 779.13345  3.943000E-20
 779.14829  7.235000E-20
 779.16312  5.314000E-20
 779.17796  1.808000E-20
 779.19279  1.173000E-20
 779.20762  1.923000E-20
 779.22246  3.274000E-20
 779.23729  3.474000E-20
 779.25213  3.474000E-20
 779.26696  2.925000E-20
 779.28180  3.755000E-20
 779.29663  1.090000E-19
 779.31147  2.197000E-19
 779.32630  1.529000E-19
 779.34114  3.221000E-20
 779.35597  3.191000E-20
 779.37080  5.875000E-20
 779.38564  3.882000E-20
 779.40047  1.010000E-20
 779.41531  9.677000E-21
 779.43014  1.292000E-20
 779.44498  2.507000E-20
 779.45981  2.993000E-20
 779.47465  2.781000E-20
 779.48948  2.227000E-20
 779.50431  2.495000E-20
 779.51915  6.408000E-20
 779.53398  1.787000E-19
 779.54882  1.976000E-19
 779.56365  8.197000E-20
 779.57849  5.303000E-20
 779.59332  6.993000E-20
 779.60816  4.153000E-20
 779.62299  1.642000E-20
 779.63783  1.642000E-20
 779.65266  2.239000E-20
 779.66749  3.462000E-20
 779.68233  4.110000E-20
 779.69716  3.438000E-20
 779.71200  2.439000E-20
 779.72683  1.813000E-20
 779.74167  3.180000E-20
 779.75650  1.159000E-19
 779.77134  1.872000E-19
 779.78617  1.041000E-19
 779.80100  4.756000E-20
 779.81584  5.763000E-20
 779.83067  3.804000E-20
 779.84551  2.343000E-20
 779.86034  2.046000E-20
 779.87518  2.253000E-20
 779.89001  2.791000E-20
 779.90485  3.787000E-20
 779.91968  4.412000E-20
 779.93452  4.847000E-20
 779.94935  4.588000E-20
 779.96418  4.954000E-20
 779.97902  1.009000E-19
 779.99385  1.921000E-19
 780.00869  1.551000E-19
 780.02352  7.713000E-20
 780.03836  6.204000E-20
 780.05319  4.174000E-20
 780.06803  3.134000E-20
 780.08286  2.909000E-20
 780.09769  3.249000E-20
 780.11253  3.721000E-20
 780.12736  4.375000E-20
 780.14220  4.157000E-20
 780.15703  3.467000E-20
 780.17187  2.367000E-20
 780.18670  2.281000E-20
 780.20154  5.588000E-20
 780.21637  1.457000E-19
 780.23121  1.665000E-19
 780.24604  9.721000E-20
 780.26087  5.961000E-20
 780.27571  3.687000E-20
 780.29054  3.216000E-20
 780.30538  3.365000E-20
 780.32021  3.982000E-20
 780.33505  4.908000E-20
 780.34988  5.908000E-20
 780.36472  6.481000E-20
 780.37955  6.585000E-20
 780.39439  5.772000E-20
 780.40922  5.015000E-20
 780.42405  6.145000E-20
 780.43889  1.295000E-19
 780.45372  1.838000E-19
 780.46856  1.237000E-19
 780.48339  6.200000E-20
 780.49823  4.721000E-20
 780.51306  4.760000E-20
 780.52790  4.883000E-20
 780.54273  5.048000E-20
 780.55756  5.456000E-20
 780.57240  5.940000E-20
 780.58723  6.605000E-20
 780.60207  6.355000E-20
 780.61690  5.352000E-20
 780.63174  5.070000E-20
 780.64657  6.241000E-20
 780.66141  1.095000E-19
 780.67624  1.736000E-19
 780.69108  1.372000E-19
 780.70591  6.291000E-20
 780.72074  4.551000E-20
 780.73558  4.686000E-20
 780.75041  5.010000E-20
 780.76525  4.962000E-20
 780.78008  5.126000E-20
 780.79492  5.993000E-20
 780.80975  6.868000E-20
 780.82459  6.940000E-20
 780.83942  6.717000E-20
 780.85425  6.809000E-20
 780.86909  7.506000E-20
 780.88392  1.075000E-19
 780.89876  1.841000E-19
 780.91359  1.849000E-19
 780.92843  1.145000E-19
 780.94326  9.218000E-20
 780.95810  9.612000E-20
 780.97293  1.045000E-19
 780.98777  1.139000E-19
 781.00260  1.282000E-19
 781.01743  1.422000E-19
 781.03227  1.593000E-19
 781.04710  1.748000E-19
 781.06194  1.809000E-19
 781.07677  1.808000E-19
 781.09161  1.832000E-19
 781.10644  2.026000E-19
 781.12128  2.537000E-19
 781.13611  2.388000E-19
 781.15095  1.535000E-19
 781.16578  1.216000E-19
 781.18061  1.216000E-19
 781.19545  1.225000E-19
 781.21028  1.146000E-19
 781.22512  9.921000E-20
 781.23995  8.479000E-20
 781.25479  8.173000E-20
 781.26962  8.638000E-20
 781.28446  8.831000E-20
 781.29929  8.957000E-20
 781.31412  9.156000E-20
 781.32896  1.024000E-19
 781.34379  1.404000E-19
 781.35863  1.492000E-19
 781.37346  9.209000E-20
 781.38830  6.604000E-20
 781.40313  7.351000E-20
 781.41797  7.915000E-20
 781.43280  8.153000E-20
 781.44764  8.661000E-20
 781.46247  9.488000E-20
 781.47730  1.014000E-19
 781.49214  1.051000E-19
 781.50697  1.109000E-19
 781.52181  1.181000E-19
 781.53664  1.261000E-19
 781.55148  1.447000E-19
 781.56631  1.817000E-19
 781.58115  2.150000E-19
 781.59598  1.914000E-19
 781.61081  1.684000E-19
 781.62565  1.729000E-19
 781.64048  1.809000E-19
 781.65532  1.883000E-19
 781.67015  1.987000E-19
 781.68499  2.093000E-19
 781.69982  2.233000E-19
 781.71466  2.361000E-19
 781.72949  2.411000E-19
 781.74433  2.464000E-19
 781.75916  2.453000E-19
 781.77399  2.373000E-19
 781.78883  2.535000E-19
 781.80366  2.886000E-19
 781.81850  2.849000E-19
 781.83333  2.754000E-19
 781.84817  2.935000E-19
 781.86300  3.115000E-19
 781.87784  3.365000E-19
 781.89267  3.663000E-19
 781.90751  3.920000E-19
 781.92234  4.160000E-19
 781.93717  4.470000E-19
 781.95201  4.800000E-19
 781.96684  5.165000E-19
 781.98168  5.591000E-19
 781.99651  6.155000E-19
 782.01135  6.684000E-19
 782.02618  6.918000E-19
 782.04102  6.909000E-19
 782.05585  6.952000E-19
 782.07068  7.223000E-19
 782.08552  7.453000E-19
 782.10035  7.630000E-19
 782.11519  7.877000E-19
 782.13002  7.865000E-19
 782.14486  7.486000E-19
 782.15969  8.769000E-19
 782.17453  8.620000E-19
 782.18936  8.123000E-19
 782.20420  6.205000E-19
 782.21903  4.658000E-19
 782.23386  3.571000E-19
 782.24870  3.128000E-19
 782.26353  2.597000E-19
 782.27837  2.213000E-19
 782.29320  2.105000E-19
 782.30804  2.057000E-19
 782.32287  1.983000E-19
 782.33771  1.862000E-19
 782.35254  1.704000E-19
 782.36737  1.663000E-19
 782.38221  1.879000E-19
 782.39704  1.924000E-19
 782.41188  1.660000E-19
 782.42671  1.351000E-19
 782.44155  1.100000E-19
 782.45638  1.031000E-19
 782.47122  1.129000E-19
 782.48605  1.055000E-19
 782.50089  8.056000E-20
 782.51572  8.013000E-20
 782.53055  9.897000E-20
 782.54539  1.110000E-19
 782.56022  1.064000E-19
 782.57506  9.672000E-20
 782.58989  9.832000E-20
 782.60473  1.073000E-19
 782.61956  1.153000E-19
 782.63440  1.314000E-19
 782.64923  1.487000E-19
 782.66406  1.647000E-19
 782.67890  1.842000E-19
 782.69373  1.965000E-19
 782.70857  1.914000E-19
 782.72340  1.883000E-19
 782.73824  1.979000E-19
 782.75307  2.118000E-19
 782.76791  2.267000E-19
 782.78274  2.425000E-19
 782.79758  2.617000E-19
 782.81241  2.781000E-19
 782.82724  2.881000E-19
 782.84208  3.042000E-19
 782.85691  3.268000E-19
 782.87175  3.462000E-19
 782.88658  3.665000E-19
 782.90142  3.955000E-19
 782.91625  4.288000E-19
 782.93109  4.646000E-19
 782.94592  5.039000E-19
 782.96076  5.474000E-19
 782.97559  5.871000E-19
 782.99042  6.290000E-19
 783.00526  6.697000E-19
 783.02009  7.078000E-19
 783.03493  7.459000E-19
 783.04976  7.650000E-19
 783.06460  9.377000E-19
 783.07943  1.015000E-18
 783.09427  1.090000E-18
 783.10910  1.163000E-18
 783.12393  1.237000E-18
 783.13877  1.308000E-18
 783.15360  1.394000E-18
 783.16844  1.480000E-18
 783.18327  1.565000E-18
 783.19811  1.656000E-18
 783.21294  1.753000E-18
 783.22778  1.845000E-18
 783.24261  1.927000E-18
 783.25745  1.987000E-18
 783.27228  2.027000E-18
 783.28711  2.064000E-18
 783.30195  2.044000E-18
 783.31678  1.748000E-18
 783.33162  1.611000E-18
 783.34645  1.376000E-18
 783.36129  7.891000E-19
 783.37612  3.011000E-19
 783.39096  8.504000E-20
 783.40579  5.258000E-20
 783.42062  4.817000E-20
 783.43546  5.026000E-20
 783.45029  5.026000E-20
 783.46513  6.126000E-20
 783.47996  6.365000E-20
 783.49480  7.036000E-20
 783.50963  7.494000E-20
 783.52447  6.798000E-20
 783.53930  5.702000E-20
 783.55414  5.477000E-20
 783.56897  5.564000E-20
 783.58380  6.049000E-20
 783.59864  6.823000E-20
 783.61347  7.445000E-20
 783.62831  7.052000E-20
 783.64314  6.534000E-20
 783.65798  6.684000E-20
 783.67281  7.058000E-20
 783.68765  6.963000E-20
 783.70248  7.332000E-20
 783.71732  8.458000E-20
 783.73215  8.710000E-20
 783.74698  8.114000E-20
 783.76182  8.872000E-20
 783.77665  1.012000E-19
 783.79149  1.125000E-19
 783.80632  1.146000E-19
 783.82116  9.352000E-20
 783.83599  4.441000E-20
 783.85083  1.034000E-20
 783.86566  6.768000E-21
 783.88049  1.293000E-20
 783.89533  1.495000E-20
 783.91016  1.971000E-20
 783.92500  3.421000E-20
 783.93983  4.289000E-20
 783.95467  2.635000E-20
 783.96950  1.327000E-20
 783.98434  1.350000E-20
 783.99917  1.299000E-20
 784.01401  1.941000E-20
 784.02884  3.217000E-20
 784.04367  3.414000E-20
 784.05851  2.256000E-20
 784.07334  1.430000E-20
 784.08818  1.413000E-20
 784.10301  1.441000E-20
 784.11785  1.162000E-20
 784.13268  2.545000E-20
 784.14752  4.999000E-20
 784.16235  4.551000E-20
 784.17718  2.107000E-20
 784.19202  1.624000E-20
 784.20685  1.798000E-20
 784.22169  1.323000E-20
 784.23652  1.839000E-20
 784.25136  3.213000E-20
 784.26619  2.735000E-20
 784.28103  1.359000E-20
 784.29586  1.333000E-20
 784.31070  1.697000E-20
 784.32553  2.015000E-20
 784.34036  3.197000E-20
 784.35520  5.537000E-20
 784.37003  6.271000E-20
 784.38487  3.518000E-20
 784.39970  1.810000E-20
 784.41454  2.378000E-20
 784.42937  2.920000E-20
 784.44421  2.905000E-20
 784.45904  4.234000E-20
 784.47387  5.541000E-20
 784.48871  3.768000E-20
 784.50354  1.206000E-20
 784.51838  9.917000E-21
 784.53321  6.249000E-21
 784.54805  8.265000E-21
 784.56288  3.463000E-20
 784.57772  6.720000E-20
 784.59255  5.162000E-20
 784.60739  2.022000E-20
 784.62222  1.129000E-20
 784.63705  1.382000E-20
 784.65189  1.595000E-20
 784.66672  2.049000E-20
 784.68156  3.779000E-20
 784.69639  6.255000E-20
 784.71123  5.258000E-20
 784.72606  3.092000E-20
 784.74090  2.354000E-20
 784.75573  1.842000E-20
 784.77057  3.148000E-20
 784.78540  6.905000E-20
 784.80023  8.098000E-20
 784.81507  4.318000E-20
 784.82990  2.173000E-20
 784.84474  2.648000E-20
 784.85957  3.516000E-20
 784.87441  2.949000E-20
 784.88924  2.130000E-20
 784.90408  3.699000E-20
 784.91891  5.746000E-20
 784.93374  3.234000E-20
 784.94858  6.320000E-21
 784.96341  0.000000E+00
 784.97825  1.156000E-20
 784.99308  5.174000E-20
 785.00792  8.332000E-20
 785.02275  5.317000E-20
 785.03759  1.801000E-20
 785.05242  1.390000E-20
 785.06726  2.488000E-20
 785.08209  3.248000E-20
 785.09692  2.811000E-20
 785.11176  3.219000E-20
 785.12659  7.171000E-20
 785.14143  9.333000E-20
 785.15626  5.560000E-20
 785.17110  2.314000E-20
 785.18593  1.512000E-20
 785.20077  3.684000E-20
 785.21560  8.247000E-20
 785.23043  7.395000E-20
 785.24527  3.361000E-20
 785.26010  2.560000E-20
 785.27494  3.071000E-20
 785.28977  3.811000E-20
 785.30461  2.784000E-20
 785.31944  1.048000E-20
 785.33428  2.007000E-20
 785.34911  6.761000E-20
 785.36395  7.898000E-20
 785.37878  2.636000E-20
 785.39361  6.876000E-21
 785.40845  3.150000E-20
 785.42328  8.692000E-20
 785.43812  9.468000E-20
 785.45295  5.120000E-20
 785.46779  3.356000E-20
 785.48262  3.521000E-20
 785.49746  4.475000E-20
 785.51229  5.110000E-20
 785.52713  3.990000E-20
 785.54196  3.120000E-20
 785.55679  5.517000E-20
 785.57163  1.094000E-19
 785.58646  9.109000E-20
 785.60130  2.768000E-20
 785.61613  2.074000E-20
 785.63097  6.578000E-20
 785.64580  1.021000E-19
 785.66064  6.787000E-20
 785.67547  4.198000E-20
 785.69030  3.643000E-20
 785.70514  3.738000E-20
 785.71997  4.006000E-20
 785.73481  3.054000E-20
 785.74964  1.647000E-20
 785.76448  2.362000E-20
 785.77931  6.976000E-20
 785.79415  1.201000E-19
 785.80898  7.822000E-20
 785.82382  3.281000E-20
 785.83865  6.096000E-20
 785.85348  1.068000E-19
 785.86832  8.740000E-20
 785.88315  5.471000E-20
 785.89799  4.553000E-20
 785.91282  4.350000E-20
 785.92766  4.910000E-20
 785.94249  4.917000E-20
 785.95733  3.532000E-20
 785.97216  2.642000E-20
 785.98699  4.103000E-20
 786.00183  9.802000E-20
 786.01666  1.290000E-19
 786.03150  6.458000E-20
 786.04633  4.752000E-20
 786.06117  9.963000E-20
 786.07600  9.945000E-20
 786.09084  6.462000E-20
 786.10567  5.489000E-20
 786.12051  4.709000E-20
 786.13534  4.254000E-20
 786.15017  3.785000E-20
 786.16501  2.980000E-20
 786.17984  2.008000E-20
 786.19468  2.381000E-20
 786.20951  5.564000E-20
 786.22435  1.296000E-19
 786.23918  1.367000E-19
 786.25402  7.205000E-20
 786.26885  9.006000E-20
 786.28368  9.784000E-20
 786.29852  5.925000E-20
 786.31335  5.233000E-20
 786.32819  5.533000E-20
 786.34302  4.713000E-20
 786.35786  4.424000E-20
 786.37269  4.781000E-20
 786.38753  3.738000E-20
 786.40236  2.764000E-20
 786.41720  3.480000E-20
 786.43203  7.931000E-20
 786.44686  1.533000E-19
 786.46170  1.303000E-19
 786.47653  1.068000E-19
 786.49137  1.187000E-19
 786.50620  7.925000E-20
 786.52104  6.115000E-20
 786.53587  5.807000E-20
 786.55071  4.916000E-20
 786.56554  3.651000E-20
 786.58038  3.869000E-20
 786.59521  3.486000E-20
 786.61004  2.620000E-20
 786.62488  2.431000E-20
 786.63971  3.920000E-20
 786.65455  1.096000E-19
 786.66938  1.806000E-19
 786.68422  1.550000E-19
 786.69905  1.233000E-19
 786.71389  7.993000E-20
 786.72872  6.294000E-20
 786.74355  7.122000E-20
 786.75839  6.724000E-20
 786.77322  5.336000E-20
 786.78806  4.996000E-20
 786.80289  5.429000E-20
 786.81773  4.758000E-20
 786.83256  4.049000E-20
 786.84740  3.522000E-20
 786.86223  6.574000E-20
 786.87707  1.720000E-19
 786.89190  2.276000E-19
 786.90673  1.687000E-19
 786.92157  9.454000E-20
 786.93640  6.129000E-20
 786.95124  6.391000E-20
 786.96607  5.452000E-20
 786.98091  3.788000E-20
 786.99574  2.954000E-20
 787.01058  4.243000E-20
 787.02541  4.311000E-20
 787.04024  3.687000E-20
 787.05508  3.104000E-20
 787.06991  3.591000E-20
 787.08475  1.083000E-19
 787.09958  2.532000E-19
 787.11442  2.501000E-19
 787.12925  1.207000E-19
 787.14409  7.063000E-20
 787.15892  8.035000E-20
 787.17376  7.956000E-20
 787.18859  6.629000E-20
 787.20342  5.475000E-20
 787.21826  5.690000E-20
 787.23309  5.956000E-20
 787.24793  4.702000E-20
 787.26276  3.158000E-20
 787.27760  2.234000E-20
 787.29243  5.225000E-20
 787.30727  2.060000E-19
 787.32210  3.243000E-19
 787.33694  1.775000E-19
 787.35177  6.641000E-20
 787.36660  6.524000E-20
 787.38144  5.816000E-20
 787.39627  4.550000E-20
 787.41111  4.084000E-20
 787.42594  4.769000E-20
 787.44078  6.048000E-20
 787.45561  5.699000E-20
 787.47045  4.206000E-20
 787.48528  3.318000E-20
 787.50011  3.940000E-20
 787.51495  1.305000E-19
 787.52978  2.903000E-19
 787.54462  2.432000E-19
 787.55945  1.042000E-19
 787.57429  8.646000E-20
 787.58912  8.282000E-20
 787.60396  7.243000E-20
 787.61879  5.500000E-20
 787.63363  4.960000E-20
 787.64846  5.733000E-20
 787.66329  5.962000E-20
 787.67813  3.750000E-20
 787.69296  2.235000E-20
 787.70780  2.250000E-20
 787.72263  9.518000E-20
 787.73747  2.853000E-19
 787.75230  3.419000E-19
 787.76714  1.557000E-19
 787.78197  7.030000E-20
 787.79680  6.300000E-20
 787.81164  5.632000E-20
 787.82647  4.734000E-20
 787.84131  4.713000E-20
 787.85614  5.889000E-20
 787.87098  6.951000E-20
 787.88581  5.076000E-20
 787.90065  3.467000E-20
 787.91548  3.065000E-20
 787.93032  7.784000E-20
 787.94515  2.180000E-19
 787.95998  3.394000E-19
 787.97482  2.509000E-19
 787.98965  1.128000E-19
 788.00449  7.897000E-20
 788.01932  7.103000E-20
 788.03416  5.785000E-20
 788.04899  4.489000E-20
 788.06383  5.105000E-20
 788.07866  6.015000E-20
 788.09349  4.374000E-20
 788.10833  2.257000E-20
 788.12316  2.518000E-20
 788.13800  6.652000E-20
 788.15283  1.684000E-19
 788.16767  2.716000E-19
 788.18250  2.965000E-19
 788.19734  1.646000E-19
 788.21217  1.646000E-19
 788.22701  6.142000E-20
 788.24184  5.950000E-20
 788.25667  5.826000E-20
 788.27151  6.073000E-20
 788.28634  6.984000E-20
 788.30118  6.504000E-20
 788.31601  4.303000E-20
 788.33085  4.065000E-20
 788.34568  8.165000E-20
 788.36052  1.649000E-19
 788.37535  2.187000E-19
 788.39019  3.027000E-19
 788.40502  2.572000E-19
 788.41985  1.042000E-19
 788.43469  6.571000E-20
 788.44952  5.891000E-20
 788.46436  5.111000E-20
 788.47919  4.603000E-20
 788.49403  5.555000E-20
 788.50886  6.113000E-20
 788.52370  4.754000E-20
 788.53853  4.481000E-20
 788.55336  9.145000E-20
 788.56820  1.569000E-19
 788.58303  1.582000E-19
 788.59787  2.360000E-19
 788.61270  3.122000E-19
 788.62754  1.672000E-19
 788.64237  7.584000E-20
 788.65721  6.964000E-20
 788.67204  6.748000E-20
 788.68688  6.370000E-20
 788.70171  6.370000E-20
 788.71654  7.002000E-20
 788.73138  5.255000E-20
 788.74621  4.381000E-20
 788.76105  9.326000E-20
 788.77588  1.560000E-19
 788.79072  1.324000E-19
 788.80555  1.722000E-19
 788.82039  3.211000E-19
 788.83522  2.531000E-19
 788.85005  1.009000E-19
 788.86489  7.270000E-20
 788.87972  6.800000E-20
 788.89456  5.721000E-20
 788.90939  5.362000E-20
 788.92423  6.454000E-20
 788.93906  5.718000E-20
 788.95390  5.709000E-20
 788.96873  1.103000E-19
 788.98357  1.630000E-19
 788.99840  1.110000E-19
 789.01323  1.014000E-19
 789.02807  2.556000E-19
 789.04290  3.079000E-19
 789.05774  1.426000E-19
 789.07257  7.209000E-20
 789.08741  7.664000E-20
 789.10224  6.918000E-20
 789.11708  5.567000E-20
 789.13191  6.527000E-20
 789.14675  6.200000E-20
 789.16158  5.993000E-20
 789.17641  1.174000E-19
 789.19125  1.727000E-19
 789.20608  1.097000E-19
 789.22092  8.155000E-20
 789.23575  2.102000E-19
 789.25059  3.551000E-19
 789.26542  2.245000E-19
 789.28026  8.468000E-20
 789.29509  6.886000E-20
 789.30992  6.258000E-20
 789.32476  5.125000E-20
 789.33959  5.832000E-20
 789.35443  6.041000E-20
 789.36926  6.299000E-20
 789.38410  1.250000E-19
 789.39893  1.621000E-19
 789.41377  8.540000E-20
 789.42860  4.021000E-20
 789.44344  1.257000E-19
 789.45827  3.245000E-19
 789.47310  3.040000E-19
 789.48794  1.223000E-19
 789.50277  7.705000E-20
 789.51761  7.428000E-20
 789.53244  6.838000E-20
 789.54728  6.767000E-20
 789.56211  7.408000E-20
 789.57695  8.406000E-20
 789.59178  1.525000E-19
 789.60661  1.728000E-19
 789.62145  9.654000E-20
 789.63628  5.128000E-20
 789.65112  9.887000E-20
 789.66595  2.802000E-19
 789.68079  3.612000E-19
 789.69562  1.714000E-19
 789.71046  6.924000E-20
 789.72529  5.604000E-20
 789.74013  5.334000E-20
 789.75496  5.455000E-20
 789.76979  6.618000E-20
 789.78463  8.365000E-20
 789.79946  1.502000E-19
 789.81430  1.354000E-19
 789.82913  5.381000E-20
 789.84397  2.741000E-20
 789.85880  6.344000E-20
 789.87364  2.199000E-19
 789.88847  3.935000E-19
 789.90331  2.531000E-19
 789.91814  9.750000E-20
 789.93297  7.723000E-20
 789.94781  7.260000E-20
 789.96264  6.812000E-20
 789.97748  7.853000E-20
 789.99231  1.109000E-19
 790.00715  1.736000E-19
 790.02198  1.368000E-19
 790.03682  5.999000E-20
 790.05165  3.724000E-20
 790.06648  4.641000E-20
 790.08132  1.553000E-19
 790.09615  3.631000E-19
 790.11099  3.032000E-19
 790.12582  9.985000E-20
 790.14066  9.985000E-20
 790.15549  5.295000E-20
 790.17033  6.099000E-20
 790.18516  7.674000E-20
 790.20000  1.261000E-19
 790.21483  1.754000E-19
 790.22966  1.122000E-19
 790.24450  4.071000E-20
 790.25933  3.092000E-20
 790.27417  4.123000E-20
 790.28900  1.247000E-19
 790.30384  3.406000E-19
 790.31867  3.777000E-19
 790.33351  1.638000E-19
 790.34834  7.509000E-20
 790.36317  6.445000E-20
 790.37801  6.832000E-20
 790.39284  9.283000E-20
 790.40768  1.523000E-19
 790.42251  1.647000E-19
 790.43735  8.547000E-20
 790.45218  3.602000E-20
 790.46702  2.736000E-20
 790.48185  2.440000E-20
 790.49669  7.766000E-20
 790.51152  2.718000E-19
 790.52635  3.890000E-19
 790.54119  1.964000E-19
 790.55602  7.012000E-20
 790.57086  5.585000E-20
 790.58569  6.151000E-20
 790.60053  1.040000E-19
 790.61536  1.707000E-19
 790.63020  1.480000E-19
 790.64503  6.503000E-20
 790.65986  3.442000E-20
 790.67470  3.170000E-20
 790.68953  3.436000E-20
 790.70437  7.581000E-20
 790.71920  2.464000E-19
 790.73404  4.244000E-19
 790.74887  2.706000E-19
 790.76371  9.827000E-20
 790.77854  6.768000E-20
 790.79338  7.274000E-20
 790.80821  1.276000E-19
 790.82304  1.784000E-19
 790.83788  1.156000E-19
 790.85271  4.390000E-20
 790.86755  2.964000E-20
 790.88238  2.687000E-20
 790.89722  3.131000E-20
 790.91205  5.655000E-20
 790.92689  1.912000E-19
 790.94172  3.979000E-19
 790.95656  3.014000E-19
 790.97139  1.029000E-19
 790.98622  6.843000E-20
 791.00106  8.903000E-20
 791.01589  1.587000E-19
 791.03073  1.784000E-19
 791.04556  9.129000E-20
 791.06040  3.387000E-20
 791.07523  2.854000E-20
 791.09007  2.861000E-20
 791.10490  3.173000E-20
 791.11973  5.222000E-20
 791.13457  1.652000E-19
 791.14940  3.897000E-19
 791.16424  3.535000E-19
 791.17907  1.299000E-19
 791.19391  6.804000E-20
 791.20874  1.010000E-19
 791.22358  1.784000E-19
 791.23841  1.619000E-19
 791.25325  7.469000E-20
 791.26808  4.278000E-20
 791.28291  3.752000E-20
 791.29775  3.579000E-20
 791.31258  3.492000E-20
 791.32742  4.639000E-20
 791.34225  1.351000E-19
 791.35709  3.536000E-19
 791.37192  3.745000E-19
 791.38676  1.530000E-19
 791.40159  7.471000E-20
 791.41642  1.209000E-19
 791.43126  1.729000E-19
 791.44609  1.114000E-19
 791.46093  3.666000E-20
 791.47576  2.416000E-20
 791.49060  2.410000E-20
 791.50543  2.866000E-20
 791.52027  3.514000E-20
 791.53510  5.184000E-20
 791.54994  1.275000E-19
 791.56477  3.430000E-19
 791.57960  4.011000E-19
 791.59444  1.800000E-19
 791.60927  9.057000E-20
 791.62411  1.441000E-19
 791.63894  1.616000E-19
 791.65378  8.612000E-20
 791.66861  4.032000E-20
 791.68345  3.485000E-20
 791.69828  3.400000E-20
 791.71312  3.415000E-20
 791.72795  3.055000E-20
 791.74278  3.650000E-20
 791.75762  9.453000E-20
 791.77245  3.033000E-19
 791.78729  4.016000E-19
 791.80212  1.976000E-19
 791.81696  1.088000E-19
 791.83179  1.592000E-19
 791.84663  1.303000E-19
 791.86146  5.235000E-20
 791.87629  2.501000E-20
 791.89113  2.537000E-20
 791.90596  2.815000E-20
 791.92080  3.719000E-20
 791.93563  4.195000E-20
 791.95047  5.088000E-20
 791.96530  1.079000E-19
 791.98014  3.074000E-19
 791.99497  4.203000E-19
 792.00981  2.305000E-19
 792.02464  1.440000E-19
 792.03947  1.657000E-19
 792.05431  1.035000E-19
 792.06914  4.871000E-20
 792.08398  3.269000E-20
 792.09881  2.884000E-20
 792.11365  2.330000E-20
 792.12848  2.444000E-20
 792.14332  2.442000E-20
 792.15815  3.064000E-20
 792.17298  7.915000E-20
 792.18782  2.731000E-19
 792.20265  4.109000E-19
 792.21749  2.476000E-19
 792.23232  1.552000E-19
 792.24716  1.347000E-19
 792.26199  6.368000E-20
 792.27683  3.528000E-20
 792.29166  2.875000E-20
 792.30650  3.127000E-20
 792.32133  2.871000E-20
 792.33616  3.883000E-20
 792.35100  4.737000E-20
 792.36583  6.356000E-20
 792.38067  1.097000E-19
 792.39550  2.950000E-19
 792.41034  4.342000E-19
 792.42517  2.915000E-19
 792.44001  1.666000E-19
 792.45484  1.044000E-19
 792.46967  4.887000E-20
 792.48451  3.125000E-20
 792.49934  2.594000E-20
 792.51418  2.804000E-20
 792.52901  2.027000E-20
 792.54385  2.243000E-20
 792.55868  2.507000E-20
 792.57352  2.507000E-20
 792.58835  8.438000E-20
 792.60319  2.838000E-19
 792.61802  4.491000E-19
 792.63285  3.141000E-19
 792.64769  1.476000E-19
 792.66252  8.004000E-20
 792.67736  4.551000E-20
 792.69219  3.149000E-20
 792.70703  2.673000E-20
 792.72186  3.175000E-20
 792.73670  3.240000E-20
 792.75153  4.181000E-20
 792.76637  5.036000E-20
 792.78120  5.923000E-20
 792.79603  1.026000E-19
 792.81087  2.980000E-19
 792.82570  4.684000E-19
 792.84054  2.998000E-19
 792.85537  9.997000E-20
 792.87021  4.957000E-20
 792.88504  3.290000E-20
 792.89988  2.305000E-20
 792.91471  1.752000E-20
 792.92954  2.019000E-20
 792.94438  1.457000E-20
 792.95921  2.000000E-20
 792.97405  2.219000E-20
 792.98888  3.663000E-20
 793.00372  9.850000E-20
 793.01855  3.238000E-19
 793.03339  4.845000E-19
 793.04822  2.586000E-19
 793.06306  7.481000E-20
 793.07789  5.059000E-20
 793.09272  3.523000E-20
 793.10756  2.744000E-20
 793.12239  2.393000E-20
 793.13723  2.959000E-20
 793.15206  2.934000E-20
 793.16690  4.040000E-20
 793.18173  4.611000E-20
 793.19657  5.698000E-20
 793.21140  1.173000E-19
 793.22623  3.260000E-19
 793.24107  4.042000E-19
 793.25590  1.793000E-19
 793.27074  5.533000E-20
 793.28557  4.038000E-20
 793.30041  2.649000E-20
 793.31524  2.660000E-20
 793.33008  2.650000E-20
 793.34491  2.769000E-20
 793.35975  2.258000E-20
 793.37458  2.627000E-20
 793.38941  3.154000E-20
 793.40425  4.812000E-20
 793.41908  1.592000E-19
 793.43392  4.188000E-19
 793.44875  4.255000E-19
 793.46359  1.639000E-19
 793.47842  5.820000E-20
 793.49326  4.112000E-20
 793.50809  2.974000E-20
 793.52293  2.605000E-20
 793.53776  2.495000E-20
 793.55259  2.953000E-20
 793.56743  3.425000E-20
 793.58226  4.171000E-20
 793.59710  4.353000E-20
 793.61193  7.442000E-20
 793.62677  2.114000E-19
 793.64160  4.109000E-19
 793.65644  3.502000E-19
 793.67127  1.247000E-19
 793.68610  4.433000E-20
 793.70094  3.335000E-20
 793.71577  2.963000E-20
 793.73061  2.915000E-20
 793.74544  2.889000E-20
 793.76028  2.780000E-20
 793.77511  2.692000E-20
 793.78995  2.916000E-20
 793.80478  4.118000E-20
 793.81962  1.014000E-19
 793.83445  2.338000E-19
 793.84928  3.820000E-19
 793.86412  3.000000E-19
 793.87895  1.005000E-19
 793.89379  3.840000E-20
 793.90862  2.295000E-20
 793.92346  1.903000E-20
 793.93829  1.795000E-20
 793.95313  2.540000E-20
 793.96796  3.266000E-20
 793.98279  4.217000E-20
 793.99763  5.131000E-20
 794.01246  8.433000E-20
 794.02730  1.422000E-19
 794.04213  2.324000E-19
 794.05697  3.544000E-19
 794.07180  2.520000E-19
 794.08664  7.457000E-20
 794.10147  3.327000E-20
 794.11631  2.660000E-20
 794.13114  2.998000E-20
 794.14597  2.400000E-20
 794.16081  2.558000E-20
 794.17564  2.645000E-20
 794.19048  3.111000E-20
 794.20531  5.327000E-20
 794.22015  1.036000E-19
 794.23498  1.258000E-19
 794.24982  2.256000E-19
 794.26465  3.448000E-19
 794.27948  2.023000E-19
 794.29432  5.468000E-20
 794.30915  2.842000E-20
 794.32399  2.413000E-20
 794.33882  2.778000E-20
 794.35366  2.901000E-20
 794.36849  3.550000E-20
 794.38333  4.256000E-20
 794.39816  6.447000E-20
 794.41300  1.073000E-19
 794.42783  1.223000E-19
 794.44266  1.191000E-19
 794.45750  2.565000E-19
 794.47233  3.268000E-19
 794.48717  1.517000E-19
 794.50200  3.725000E-20
 794.51684  2.360000E-20
 794.53167  1.733000E-20
 794.54651  2.013000E-20
 794.56134  2.025000E-20
 794.57618  1.691000E-20
 794.59101  2.169000E-20
 794.60584  5.890000E-20
 794.62068  8.854000E-20
 794.63551  6.457000E-20
 794.65035  1.040000E-19
 794.66518  2.774000E-19
 794.68002  2.855000E-19
 794.69485  1.068000E-19
 794.70969  3.399000E-20
 794.72452  2.811000E-20
 794.73935  2.975000E-20
 794.75419  3.118000E-20
 794.76902  3.147000E-20
 794.78386  3.759000E-20
 794.79869  7.067000E-20
 794.81353  1.147000E-19
 794.82836  9.237000E-20
 794.84320  6.238000E-20
 794.85803  1.478000E-19
 794.87287  3.012000E-19
 794.88770  2.298000E-19
 794.90253  6.202000E-20
 794.91737  2.026000E-20
 794.93220  1.618000E-20
 794.94704  1.613000E-20
 794.96187  1.069000E-20
 794.97671  1.657000E-20
 794.99154  3.739000E-20
 795.00638  7.770000E-20
 795.02121  6.824000E-20
 795.03604  3.366000E-20
 795.05088  5.840000E-20
 795.06571  1.985000E-19
 795.08055  3.101000E-19
 795.09538  1.765000E-19
 795.11022  4.986000E-20
 795.12505  3.068000E-20
 795.13989  2.565000E-20
 795.15472  2.548000E-20
 795.16956  2.687000E-20
 795.18439  4.697000E-20
 795.19922  8.720000E-20
 795.21406  9.183000E-20
 795.22889  4.924000E-20
 795.24373  3.880000E-20
 795.25856  8.889000E-20
 795.27340  2.378000E-19
 795.28823  2.618000E-19
 795.30307  9.571000E-20
 795.31790  1.776000E-20
 795.33274  1.464000E-20
 795.34757  1.297000E-20
 795.36240  1.640000E-20
 795.37724  2.921000E-20
 795.39207  6.600000E-20
 795.40691  7.701000E-20
 795.42174  3.816000E-20
 795.43658  1.906000E-20
 795.45141  3.310000E-20
 795.46625  1.245000E-19
 795.48108  2.722000E-19
 795.49591  2.123000E-19
 795.51075  6.156000E-20
 795.52558  2.473000E-20
 795.54042  2.153000E-20
 795.55525  1.870000E-20
 795.57009  2.736000E-20
 795.58492  6.304000E-20
 795.59976  8.390000E-20
 795.61459  5.523000E-20
 795.62943  3.476000E-20
 795.64426  3.540000E-20
 795.65909  5.808000E-20
 795.67393  1.717000E-19
 795.68876  2.540000E-19
 795.70360  1.244000E-19
 795.71843  2.001000E-20
 795.73327  1.382000E-20
 795.74810  1.388000E-20
 795.76294  2.149000E-20
 795.77777  5.346000E-20
 795.79260  7.974000E-20
 795.80744  4.443000E-20
 795.82227  1.805000E-20
 795.83711  1.667000E-20
 795.85194  2.466000E-20
 795.86678  8.435000E-20
 795.88161  2.271000E-19
 795.89645  2.251000E-19
 795.91128  7.628000E-20
 795.92612  2.307000E-20
 795.94095  1.964000E-20
 795.95578  2.058000E-20
 795.97062  4.631000E-20
 795.98545  7.340000E-20
 796.00029  4.815000E-20
 796.01512  2.215000E-20
 796.02996  2.168000E-20
 796.04479  2.521000E-20
 796.05963  4.150000E-20
 796.07446  1.334000E-19
 796.08929  2.356000E-19
 796.10413  1.436000E-19
 796.11896  2.978000E-20
 796.13380  1.136000E-20
 796.14863  1.727000E-20
 796.16347  4.405000E-20
 796.17830  6.881000E-20
 796.19314  4.993000E-20
 796.20797  2.086000E-20
 796.22281  1.658000E-20
 796.23764  1.342000E-20
 796.25247  1.837000E-20
 796.26731  6.239000E-20
 796.28214  1.865000E-19
 796.29698  2.148000E-19
 796.31181  8.608000E-20
 796.32665  2.127000E-20
 796.34148  2.253000E-20
 796.35632  4.660000E-20
 796.37115  7.042000E-20
 796.38599  4.961000E-20
 796.40082  2.090000E-20
 796.41565  1.867000E-20
 796.43049  2.119000E-20
 796.44532  2.466000E-20
 796.46016  2.466000E-20
 796.47499  1.194000E-19
 796.48983  2.149000E-19
 796.50466  1.459000E-19
 796.51950  3.491000E-20
 796.53433  1.635000E-20
 796.54916  3.214000E-20
 796.56400  5.860000E-20
 796.57883  4.609000E-20
 796.59367  2.352000E-20
 796.60850  1.496000E-20
 796.62334  1.200000E-20
 796.63817  1.206000E-20
 796.65301  1.955000E-20
 796.66784  5.453000E-20
 796.68268  1.584000E-19
 796.69751  1.872000E-19
 796.71234  7.852000E-20
 796.72718  2.848000E-20
 796.74201  4.345000E-20
 796.75685  6.082000E-20
 796.77168  4.281000E-20
 796.78652  2.263000E-20
 796.80135  2.143000E-20
 796.81619  1.959000E-20
 796.83102  2.358000E-20
 796.84585  2.869000E-20
 796.86069  4.188000E-20
 796.87552  1.099000E-19
 796.89036  1.937000E-19
 796.90519  1.260000E-19
 796.92003  2.997000E-20
 796.93486  2.881000E-20
 796.94970  4.577000E-20
 796.96453  3.256000E-20
 796.97937  1.476000E-20
 796.99420  1.496000E-20
 797.00903  1.402000E-20
 797.02387  1.694000E-20
 797.03870  1.606000E-20
 797.05354  1.768000E-20
 797.06837  5.504000E-20
 797.08321  1.520000E-19
 797.09804  1.671000E-19
 797.11288  7.099000E-20
 797.12771  4.819000E-20
 797.14255  6.295000E-20
 797.15738  4.559000E-20
 797.17221  2.793000E-20
 797.18705  2.397000E-20
 797.20188  1.945000E-20
 797.21672  2.182000E-20
 797.23155  2.752000E-20
 797.24639  3.000000E-20
 797.26122  4.266000E-20
 797.27606  1.093000E-19
 797.29089  1.733000E-19
 797.30572  1.028000E-19
 797.32056  3.592000E-20
 797.33539  3.396000E-20
 797.35023  1.698000E-20
 797.36506  4.733000E-21
 797.37990  2.876000E-21
 797.39473  6.885000E-21
 797.40957  1.087000E-20
 797.42440  1.362000E-20
 797.43924  1.531000E-20
 797.45407  2.320000E-20
 797.46890  6.077000E-20
 797.48374  1.460000E-19
 797.49857  1.440000E-19
 797.51341  7.370000E-20
 797.52824  5.857000E-20
 797.54308  4.422000E-20
 797.55791  3.222000E-20
 797.57275  2.682000E-20
 797.58758  2.258000E-20
 797.60241  1.835000E-20
 797.61725  1.774000E-20
 797.63208  1.826000E-20
 797.64692  2.243000E-20
 797.66175  3.859000E-20
 797.67659  1.041000E-19
 797.69142  1.480000E-19
 797.70626  8.638000E-20
 797.72109  3.419000E-20
 797.73593  1.207000E-20
 797.75076  4.733000E-21
 797.76559  6.835000E-21
 797.78043  7.927000E-21
 797.79526  1.163000E-20
 797.81010  1.535000E-20
 797.82493  2.113000E-20
 797.83977  2.278000E-20
 797.85460  2.825000E-20
 797.86944  7.369000E-20
 797.88427  1.467000E-19
 797.89911  1.209000E-19
 797.91394  4.988000E-20
 797.92877  2.081000E-20
 797.94361  1.550000E-20
 797.95844  1.715000E-20
 797.97328  1.853000E-20
 797.98811  1.971000E-20
 798.00295  1.778000E-20
 798.01778  1.393000E-20
 798.03262  1.156000E-20
 798.04745  1.351000E-20
 798.06228  4.286000E-20
 798.07712  1.219000E-19
 798.09195  1.350000E-19
 798.10679  5.075000E-20
 798.12162  7.212000E-21
 798.13646  2.756000E-21
 798.15129  2.623000E-21
 798.16613  4.487000E-21
 798.18096  6.935000E-21
 798.19580  8.506000E-21
 798.21063  1.232000E-20
 798.22546  1.571000E-20
 798.24030  1.600000E-20
 798.25513  2.938000E-20
 798.26997  9.462000E-20
 798.28480  1.379000E-19
 798.29964  6.860000E-20
 798.31447  6.860000E-20
 798.32931  1.811000E-20
 798.34414  2.268000E-20
 798.35897  2.264000E-20
 798.37381  2.009000E-20
 798.38864  1.657000E-20
 798.40348  1.406000E-20
 798.41831  1.478000E-20
 798.43315  1.214000E-20
 798.44798  2.032000E-20
 798.46282  2.032000E-20
 798.47765  1.268000E-19
 798.49249  8.100000E-20
 798.50732  2.056000E-20
 798.52215  1.106000E-20
 798.53699  8.493000E-21
 798.55182  4.375000E-21
 798.56666  4.159000E-21
 798.58149  8.130000E-21
 798.59633  1.116000E-20
 798.61116  1.617000E-20
 798.62600  1.805000E-20
 798.64083  2.415000E-20
 798.65566  6.370000E-20
 798.67050  1.193000E-19
 798.68533  1.193000E-19
 798.70017  2.668000E-20
 798.71500  9.461000E-21
 798.72984  6.979000E-21
 798.74467  1.052000E-20
 798.75951  1.340000E-20
 798.77434  1.484000E-20
 798.78918  1.353000E-20
 798.80401  1.341000E-20
 798.81884  1.381000E-20
 798.83368  2.177000E-20
 798.84851  4.830000E-20
 798.86335  9.594000E-20
 798.87818  9.729000E-20
 798.89302  4.559000E-20
 798.90785  2.352000E-20
 798.92269  1.875000E-20
 798.93752  1.385000E-20
 798.95236  6.947000E-21
 798.96719  3.535000E-21
 798.98202  4.185000E-21
 798.99686  6.454000E-21
 799.01169  1.061000E-20
 799.02653  1.984000E-20
 799.04136  3.735000E-20
 799.05620  7.017000E-20
 799.07103  8.233000E-20
 799.08587  3.418000E-20
 799.10070  2.530000E-21
 799.11553  5.982000E-21
 799.13037  1.233000E-20
 799.14520  1.291000E-20
 799.16004  1.612000E-20
 799.17487  2.399000E-20
 799.18971  2.875000E-20
 799.20454  2.832000E-20
 799.21938  2.991000E-20
 799.23421  3.792000E-20
 799.24905  6.282000E-20
 799.26388  8.416000E-20
 799.27871  4.641000E-20
 799.29355  1.180000E-20
 799.30838  8.227000E-21
 799.32322  8.557000E-21
 799.33805  9.817000E-21
 799.35289  6.740000E-21
 799.36772  2.062000E-21
 799.38256  0.000000E+00
 799.39739  8.566001E-22
 799.41222  6.081000E-21
 799.42706  1.222000E-20
 799.44189  3.789000E-20
 799.45673  7.050000E-20
 799.47156  4.546000E-20
 799.48640  1.052000E-20
 799.50123  5.131000E-21
 799.51607  5.432000E-21
 799.53090  9.395000E-21
 799.54574  1.400000E-20
 799.56057  1.687000E-20
 799.57540  1.990000E-20
 799.59024  2.872000E-20
 799.60507  3.267000E-20
 799.61991  2.888000E-20
 799.63474  3.887000E-20
 799.64958  6.673000E-20
 799.66441  4.645000E-20
 799.67925  9.184000E-21
 799.69408  2.820000E-21
 799.70892  5.381000E-21
 799.72375  5.686000E-21
 799.73858  4.331000E-21
 799.75342  1.346000E-21
 799.76825  3.791000E-22
 799.78309  5.492000E-21
 799.79792  6.062000E-21
 799.81276  1.538000E-21
 799.82759  2.174000E-20
 799.84243  6.323000E-20
 799.85726  5.637000E-20
 799.87209  2.048000E-20
 799.88693  1.161000E-20
 799.90176  1.074000E-20
 799.91660  1.194000E-20
 799.93143  1.622000E-20
 799.94627  1.728000E-20
 799.96110  1.927000E-20
 799.97594  2.637000E-20
 799.99077  2.630000E-20
 800.00561  2.296000E-20
 800.02044  3.212000E-20
 800.03527  5.982000E-20
 800.05011  5.339000E-20
 800.06494  1.750000E-20
 800.07978  3.623000E-21
 800.09461  2.094000E-21
 800.10945  2.165000E-21
 800.12428  1.033000E-21
 800.13912  3.138000E-21
 800.15395  6.500000E-21
 800.16878  8.068000E-21
 800.18362  4.423000E-21
 800.19845  2.204000E-21
 800.21329  9.939000E-21
 800.22812  4.190000E-20
 800.24296  4.850000E-20
 800.25779  2.302000E-20
 800.27263  1.615000E-20
 800.28746  1.593000E-20
 800.30230  1.199000E-20
 800.31713  9.635000E-21
 800.33196  1.298000E-20
 800.34680  2.013000E-20
 800.36163  2.015000E-20
 800.37647  1.664000E-20
 800.39130  1.780000E-20
 800.40614  2.752000E-20
 800.42097  4.883000E-20
 800.43581  4.498000E-20
 800.45064  1.495000E-20
 800.46547  1.903000E-21
 800.48031  0.000000E+00
 800.49514  0.000000E+00
 800.50998  1.466000E-21
 800.52481  8.716000E-21
 800.53965  1.322000E-20
 800.55448  1.097000E-20
 800.56932  6.741000E-21
 800.58415  3.844000E-21
 800.59899  1.207000E-20
 800.61382  3.682000E-20
 800.62865  3.907000E-20
 800.64349  1.745000E-20
 800.65832  1.173000E-20
 800.67316  1.386000E-20
 800.68799  1.516000E-20
 800.70283  1.561000E-20
 800.71766  1.686000E-20
 800.73250  1.115000E-20
 800.74733  5.725000E-21
 800.76217  6.512000E-21
 800.77700  1.178000E-20
 800.79183  2.489000E-20
 800.80667  4.806000E-20
 800.82150  4.709000E-20
 800.83634  2.030000E-20
 800.85117  8.503000E-21
 800.86601  5.666000E-21
 800.88084  2.776000E-21
 800.89568  4.162000E-21
 800.91051  8.868000E-21
 800.92534  7.219000E-21
 800.94018  6.293000E-21
 800.95501  5.523000E-21
 800.96985  5.341000E-21
 800.98468  1.274000E-20
 800.99952  2.919000E-20
 801.01435  2.681000E-20
 801.02919  7.032000E-21
 801.04402  3.028000E-22
 801.05886  1.717000E-21
 801.07369  5.948000E-21
 801.08852  1.140000E-20
 801.10336  1.259000E-20
 801.11819  8.935000E-21
 801.13303  1.473000E-22
 801.14786  0.000000E+00
 801.16270  1.635000E-21
 801.17753  1.250000E-20
 801.19237  3.171000E-20
 801.20720  3.168000E-20
 801.22203  1.578000E-20
 801.23687  1.430000E-20
 801.25170  1.413000E-20
 801.26654  1.490000E-20
 801.28137  1.421000E-20
 801.29621  7.669000E-21
 801.31104  3.870000E-21
 801.32588  6.464000E-21
 801.34071  9.367000E-21
 801.35555  1.011000E-20
 801.37038  1.649000E-20
 801.38521  2.964000E-20
 801.40005  2.251000E-20
 801.41488  3.207000E-21
 801.42972  0.000000E+00
 801.44455  6.925000E-22
 801.45939  4.597000E-21
 801.47422  5.860000E-21
 801.48906  7.731000E-21
 801.50389  1.080000E-20
 801.51873  1.267000E-20
 801.53356  8.447000E-21
 801.54839  6.737000E-21
 801.56323  1.618000E-20
 801.57806  3.052000E-20
 801.59290  2.578000E-20
 801.60773  1.800000E-20
 801.62257  2.068000E-20
 801.63740  2.285000E-20
 801.65224  2.009000E-20
 801.66707  1.521000E-20
 801.68190  1.052000E-20
 801.69674  7.651000E-21
 801.71157  5.198000E-21
 801.72641  4.197000E-21
 801.74124  5.944000E-21
 801.75608  1.555000E-20
 801.77091  2.509000E-20
 801.78575  1.375000E-20
 801.80058  0.000000E+00
 801.81542  0.000000E+00
 801.83025  0.000000E+00
 801.84508  0.000000E+00
 801.85992  0.000000E+00
 801.87475  3.950000E-21
 801.88959  8.552000E-21
 801.90442  7.930000E-21
 801.91926  6.593000E-21
 801.93409  8.326000E-21
 801.94893  1.762000E-20
 801.96376  2.609000E-20
 801.97859  2.037000E-20
 801.99343  1.717000E-20
 802.00826  1.984000E-20
 802.02310  2.005000E-20
 802.03793  2.145000E-20
 802.05277  2.011000E-20
 802.06760  1.797000E-20
 802.08244  1.419000E-20
 802.09727  1.051000E-20
 802.11211  4.762000E-21
 802.12694  2.755000E-21
 802.14177  1.311000E-20
 802.15661  1.913000E-20
 802.17144  1.166000E-20
 802.18628  6.576000E-21
 802.20111  8.374000E-22
 802.21595  0.000000E+00
 802.23078  0.000000E+00
 802.24562  0.000000E+00
 802.26045  2.445000E-21
 802.27528  6.601000E-21
 802.29012  1.116000E-20
 802.30495  1.559000E-20
 802.31979  2.271000E-20
 802.33462  3.211000E-20
 802.34946  2.999000E-20
 802.36429  1.825000E-20
 802.37913  1.244000E-20
 802.39396  1.203000E-20
 802.40880  1.434000E-20
 802.42363  1.667000E-20
 802.43846  1.577000E-20
 802.45330  1.281000E-20
 802.46813  1.111000E-20
 802.48297  7.128000E-21
 802.49780  7.128000E-21
 802.51264  9.040000E-21
 802.52747  1.240000E-20
 802.54231  9.394000E-21
 802.55714  4.206000E-21
 802.57198  3.801000E-21
 802.58681  5.492000E-21
 802.60164  3.239000E-21
 802.61648  1.559000E-21
 802.63131  5.342000E-22
 802.64615  2.172000E-21
 802.66098  4.082000E-21
 802.67582  5.835000E-21
 802.69065  9.450000E-21
 802.70549  1.819000E-20
 802.72032  2.487000E-20
 802.73515  1.959000E-20
 802.74999  9.892000E-21
 802.76482  6.019000E-21
 802.77966  4.920000E-21
 802.79449  3.975000E-21
 802.80933  4.822000E-21
 802.82416  8.519000E-21
 802.83900  8.534000E-21
 802.85383  8.346000E-21
 802.86867  8.786000E-21
 802.88350  1.049000E-20
 802.89833  1.474000E-20
 802.91317  1.190000E-20
 802.92800  4.170000E-21
 802.94284  9.433000E-22
 802.95767  1.159000E-21
 802.97251  5.057000E-21
 802.98734  9.429000E-21
 803.00218  1.160000E-20
 803.01701  1.246000E-20
 803.03184  1.246000E-20
 803.04668  5.191000E-21
 803.06151  3.192000E-21
 803.07635  7.869000E-21
 803.09118  1.728000E-20
 803.10602  1.998000E-20
 803.12085  1.622000E-20
 803.13569  1.596000E-20
 803.15052  1.570000E-20
 803.16536  1.190000E-20
 803.18019  7.285000E-21
 803.19502  5.897000E-21
 803.20986  4.763000E-21
 803.22469  5.575000E-21
 803.23953  7.577000E-21
 803.25436  1.172000E-20
 803.26920  1.731000E-20
 803.28403  1.952000E-20
 803.29887  1.236000E-20
 803.31370  4.817000E-21
 803.32854  1.009000E-21
 803.34337  1.915000E-21
 803.35820  2.144000E-21
 803.37304  1.110000E-21
 803.38787  3.094000E-21
 803.40271  7.077000E-21
 803.41754  7.752000E-21
 803.43238  5.787000E-21
 803.44721  3.773000E-21
 803.46205  7.529000E-21
 803.47688  8.375000E-21
 803.49171  2.893000E-21
 803.50655  1.696000E-21
 803.52138  5.365000E-21
 803.53622  9.793000E-21
 803.55105  1.359000E-20
 803.56589  1.143000E-20
 803.58072  7.959000E-21
 803.59556  6.704000E-21
 803.61039  4.252000E-21
 803.62523  4.252000E-21
 803.64006  9.645000E-21
 803.65489  1.408000E-20
 803.66973  1.596000E-20
 803.68456  1.549000E-20
 803.69940  1.227000E-20
 803.71423  1.050000E-20
 803.72907  7.475000E-21
 803.74390  2.681000E-21
 803.75874  2.549000E-21
 803.77357  9.436000E-22
 803.78840  3.635000E-22
 803.80324  1.751000E-21
 803.81807  6.173000E-21
 803.83291  1.145000E-20
 803.84774  1.243000E-20
 803.86258  3.987000E-21
 803.87741  0.000000E+00
 803.89225  0.000000E+00
 803.90708  0.000000E+00
 803.92192  4.882000E-21
 803.93675  4.882000E-21
 803.95158  4.882000E-21
 803.96642  1.537000E-20
 803.98125  1.362000E-20
 803.99609  1.174000E-20
 804.01092  1.166000E-20
 804.02576  1.354000E-20
 804.04059  1.417000E-20
 804.05543  1.294000E-20
 804.07026  1.566000E-20
 804.08509  1.566000E-20
 804.09993  1.486000E-20
 804.11476  9.111000E-21
 804.12960  5.351000E-21
 804.14443  2.333000E-21
 804.15927  0.000000E+00
 804.17410  0.000000E+00
 804.18894  0.000000E+00
 804.20377  3.417000E-22
 804.21861  4.946000E-21
 804.23344  2.946000E-21
 804.24827  0.000000E+00
 804.26311  3.632000E-22
 804.27794  1.257000E-21
 804.29278  2.246000E-21
 804.30761  5.268000E-21
 804.32245  6.488000E-21
 804.33728  8.109000E-21
 804.35212  1.274000E-20
 804.36695  1.561000E-20
 804.38179  1.766000E-20
 804.39662  2.150000E-20
 804.41145  1.851000E-20
 804.42629  1.432000E-20
 804.44112  1.332000E-20
 804.45596  1.269000E-20
 804.47079  1.123000E-20
 804.48563  1.146000E-20
 804.50046  1.060000E-20
 804.51530  7.341000E-21
 804.53013  1.313000E-21
 804.54496  0.000000E+00
 804.55980  0.000000E+00
 804.57463  0.000000E+00
 804.58947  0.000000E+00
 804.60430  0.000000E+00
 804.61914  0.000000E+00
 804.63397  3.529000E-21
 804.64881  5.889000E-21
 804.66364  4.857000E-21
 804.67848  1.723000E-21
 804.69331  0.000000E+00
 804.70814  1.408000E-21
 804.72298  7.280000E-21
 804.73781  1.284000E-20
 804.75265  1.683000E-20
 804.76748  1.934000E-20
 804.78232  1.693000E-20
 804.79715  1.133000E-20
 804.81199  1.131000E-20
 804.82682  1.159000E-20
 804.84165  1.152000E-20
 804.85649  1.071000E-20
 804.87132  1.277000E-20
 804.88616  1.112000E-20
 804.90099  8.895000E-21
 804.91583  6.764000E-21
 804.93066  1.227000E-21
 804.94550  0.000000E+00
 804.96033  0.000000E+00
 804.97517  0.000000E+00
 804.99000  0.000000E+00
