 765.01100  1.467000E-20
 765.02583  3.672000E-20
 765.04067  5.810000E-20
 765.05550  4.653000E-20
 765.07034  4.294000E-20
 765.08517  4.108000E-20
 765.10001  2.611000E-20
 765.11484  1.673000E-20
 765.12968  1.227000E-20
 765.14451  1.039000E-20
 765.15935  9.667000E-21
 765.17418  1.111000E-20
 765.18901  1.399000E-20
 765.20385  1.899000E-20
 765.21868  2.386000E-20
 765.23352  2.473000E-20
 765.24835  2.582000E-20
 765.26319  3.537000E-20
 765.27802  6.182000E-20
 765.29286  7.442000E-20
 765.30769  6.599000E-20
 765.32252  5.201000E-20
 765.33736  3.209000E-20
 765.35219  2.219000E-20
 765.36703  2.068000E-20
 765.38186  1.857000E-20
 765.39670  1.604000E-20
 765.41153  1.625000E-20
 765.42637  1.386000E-20
 765.44120  1.286000E-20
 765.45604  7.619000E-21
 765.47087  8.927000E-21
 765.48570  1.373000E-20
 765.50054  1.813000E-20
 765.51537  3.984000E-20
 765.53021  7.270000E-20
 765.54504  7.953000E-20
 765.55988  6.058000E-20
 765.57471  3.607000E-20
 765.58955  2.194000E-20
 765.60438  1.845000E-20
 765.61921  1.650000E-20
 765.63405  1.441000E-20
 765.64888  1.489000E-20
 765.66372  1.909000E-20
 765.67855  2.037000E-20
 765.69339  1.787000E-20
 765.70822  1.443000E-20
 765.72306  1.493000E-20
 765.73789  1.836000E-20
 765.75273  2.592000E-20
 765.76756  6.123000E-20
 765.78239  1.016000E-19
 765.79723  9.238000E-20
 765.81206  5.325000E-20
 765.82690  2.607000E-20
 765.84173  1.632000E-20
 765.85657  1.007000E-20
 765.87140  8.180000E-21
 765.88624  8.652000E-21
 765.90107  9.446000E-21
 765.91591  1.127000E-20
 765.93074  1.480000E-20
 765.94557  1.661000E-20
 765.96041  1.745000E-20
 765.97524  1.663000E-20
 765.99008  1.993000E-20
 766.00491  4.227000E-20
 766.01975  9.725000E-20
 766.03458  1.206000E-19
 766.04942  8.263000E-20
 766.06425  4.442000E-20
 766.07908  2.974000E-20
 766.09392  2.181000E-20
 766.10875  1.036000E-20
 766.12359  6.830000E-21
 766.13842  8.982000E-21
 766.15326  1.563000E-20
 766.16809  1.879000E-20
 766.18293  1.696000E-20
 766.19776  1.675000E-20
 766.21260  2.010000E-20
 766.22743  1.831000E-20
 766.24226  2.231000E-20
 766.25710  6.628000E-20
 766.27193  1.186000E-19
 766.28677  9.410000E-20
 766.30160  4.785000E-20
 766.31644  3.059000E-20
 766.33127  2.412000E-20
 766.34611  1.856000E-20
 766.36094  1.734000E-20
 766.37577  1.749000E-20
 766.39061  1.419000E-20
 766.40544  1.674000E-20
 766.42028  1.875000E-20
 766.43511  2.024000E-20
 766.44995  2.671000E-20
 766.46478  3.124000E-20
 766.47962  3.298000E-20
 766.49445  6.826000E-20
 766.50929  1.351000E-19
 766.52412  1.407000E-19
 766.53895  8.237000E-20
 766.55379  4.432000E-20
 766.56862  3.182000E-20
 766.58346  2.557000E-20
 766.59829  1.670000E-20
 766.61313  1.437000E-20
 766.62796  1.516000E-20
 766.64280  1.971000E-20
 766.65763  1.372000E-20
 766.67246  1.043000E-20
 766.68730  1.251000E-20
 766.70213  1.942000E-20
 766.71697  2.768000E-20
 766.73180  5.158000E-20
 766.74664  1.117000E-19
 766.76147  1.507000E-19
 766.77631  1.066000E-19
 766.79114  5.498000E-20
 766.80598  3.393000E-20
 766.82081  2.342000E-20
 766.83564  2.051000E-20
 766.85048  2.051000E-20
 766.86531  2.281000E-20
 766.88015  2.608000E-20
 766.89498  2.515000E-20
 766.90982  1.951000E-20
 766.92465  1.731000E-20
 766.93949  1.842000E-20
 766.95432  2.313000E-20
 766.96916  4.158000E-20
 766.98399  8.662000E-20
 766.99882  1.353000E-19
 767.01366  1.344000E-19
 767.02849  8.277000E-20
 767.04333  4.497000E-20
 767.05816  2.912000E-20
 767.07300  1.861000E-20
 767.08783  1.115000E-20
 767.10267  8.094000E-21
 767.11750  1.209000E-20
 767.13233  2.104000E-20
 767.14717  2.148000E-20
 767.16200  1.961000E-20
 767.17684  2.267000E-20
 767.19167  2.985000E-20
 767.20651  4.683000E-20
 767.22134  7.935000E-20
 767.23618  1.151000E-19
 767.25101  1.471000E-19
 767.26585  1.202000E-19
 767.28068  7.060000E-20
 767.29551  4.484000E-20
 767.31035  3.431000E-20
 767.32518  2.658000E-20
 767.34002  2.106000E-20
 767.35485  2.356000E-20
 767.36969  3.014000E-20
 767.38452  2.763000E-20
 767.39936  2.405000E-20
 767.41419  2.315000E-20
 767.42902  2.745000E-20
 767.44386  4.710000E-20
 767.45869  7.516000E-20
 767.47353  9.060000E-20
 767.48836  1.205000E-19
 767.50320  1.323000E-19
 767.51803  8.349000E-20
 767.53287  4.440000E-20
 767.54770  2.868000E-20
 767.56254  2.212000E-20
 767.57737  1.608000E-20
 767.59220  1.749000E-20
 767.60704  2.373000E-20
 767.62187  2.505000E-20
 767.63671  2.162000E-20
 767.65154  2.090000E-20
 767.66638  2.959000E-20
 767.68121  5.683000E-20
 767.69605  8.730000E-20
 767.71088  8.516000E-20
 767.72572  1.011000E-19
 767.74055  1.491000E-19
 767.75538  1.180000E-19
 767.77022  5.776000E-20
 767.78505  3.129000E-20
 767.79989  2.073000E-20
 767.81472  1.638000E-20
 767.82956  2.151000E-20
 767.84439  3.453000E-20
 767.85923  3.871000E-20
 767.87406  3.871000E-20
 767.88889  1.912000E-20
 767.90373  2.148000E-20
 767.91856  5.035000E-20
 767.93340  8.694000E-20
 767.94823  7.708000E-20
 767.96307  7.992000E-20
 767.97790  1.409000E-19
 767.99274  1.455000E-19
 768.00757  8.168000E-20
 768.02241  4.027000E-20
 768.03724  2.373000E-20
 768.05207  1.912000E-20
 768.06691  2.385000E-20
 768.08174  3.584000E-20
 768.09658  4.307000E-20
 768.11141  3.993000E-20
 768.12625  3.295000E-20
 768.14108  3.349000E-20
 768.15592  6.189000E-20
 768.17075  9.541000E-20
 768.18558  7.886000E-20
 768.20042  6.454000E-20
 768.21525  1.178000E-19
 768.23009  1.720000E-19
 768.24492  1.217000E-19
 768.25976  5.846000E-20
 768.27459  3.368000E-20
 768.28943  2.050000E-20
 768.30426  1.705000E-20
 768.31910  2.536000E-20
 768.33393  3.342000E-20
 768.34876  3.473000E-20
 768.36360  2.985000E-20
 768.37843  3.264000E-20
 768.39327  6.445000E-20
 768.40810  9.923000E-20
 768.42294  7.782000E-20
 768.43777  5.229000E-20
 768.45261  8.619000E-20
 768.46744  1.644000E-19
 768.48227  1.594000E-19
 768.49711  9.140000E-20
 768.51194  5.186000E-20
 768.52678  3.582000E-20
 768.54161  3.142000E-20
 768.55645  3.224000E-20
 768.57128  3.889000E-20
 768.58612  3.688000E-20
 768.60095  2.893000E-20
 768.61579  3.259000E-20
 768.63062  6.829000E-20
 768.64545  1.020000E-19
 768.66029  7.718000E-20
 768.67512  4.827000E-20
 768.68996  6.618000E-20
 768.70479  1.411000E-19
 768.71963  1.770000E-19
 768.73446  1.113000E-19
 768.74930  5.720000E-20
 768.76413  3.692000E-20
 768.77897  3.139000E-20
 768.79380  3.104000E-20
 768.80863  4.017000E-20
 768.82347  3.919000E-20
 768.83830  3.119000E-20
 768.85314  3.251000E-20
 768.86797  7.297000E-20
 768.88281  1.017000E-19
 768.89764  7.737000E-20
 768.91248  5.251000E-20
 768.92731  5.600000E-20
 768.94214  1.200000E-19
 768.95698  2.000000E-19
 768.97181  1.549000E-19
 768.98665  7.687000E-20
 769.00148  3.995000E-20
 769.01632  2.905000E-20
 769.03115  3.262000E-20
 769.04599  4.437000E-20
 769.06082  4.575000E-20
 769.07566  3.671000E-20
 769.09049  4.155000E-20
 769.10532  8.334000E-20
 769.12016  9.479000E-20
 769.13499  9.479000E-20
 769.14983  4.100000E-20
 769.16466  3.981000E-20
 769.17950  9.407000E-20
 769.19433  1.976000E-19
 769.20917  1.917000E-19
 769.22400  1.030000E-19
 769.23883  5.339000E-20
 769.25367  3.848000E-20
 769.26850  3.819000E-20
 769.28334  4.420000E-20
 769.29817  4.756000E-20
 769.31301  4.301000E-20
 769.32784  5.591000E-20
 769.34268  1.027000E-19
 769.35751  1.073000E-19
 769.37235  6.890000E-20
 769.38718  4.382000E-20
 769.40201  3.317000E-20
 769.41685  6.281000E-20
 769.43168  1.677000E-19
 769.44652  2.153000E-19
 769.46135  1.317000E-19
 769.47619  6.602000E-20
 769.49102  4.066000E-20
 769.50586  3.234000E-20
 769.52069  3.317000E-20
 769.53553  3.791000E-20
 769.55036  3.893000E-20
 769.56519  6.583000E-20
 769.58003  1.156000E-19
 769.59486  1.069000E-19
 769.60970  6.464000E-20
 769.62453  4.561000E-20
 769.63937  3.657000E-20
 769.65420  5.371000E-20
 769.66904  1.464000E-19
 769.68387  2.403000E-19
 769.69870  1.761000E-19
 769.71354  9.024000E-20
 769.72837  5.828000E-20
 769.74321  4.664000E-20
 769.75804  4.368000E-20
 769.77288  4.934000E-20
 769.78771  5.085000E-20
 769.80255  7.868000E-20
 769.81738  1.167000E-19
 769.83222  9.204000E-20
 769.84705  5.086000E-20
 769.86188  4.047000E-20
 769.87672  3.748000E-20
 769.89155  4.795000E-20
 769.90639  1.170000E-19
 769.92122  2.331000E-19
 769.93606  2.079000E-19
 769.95089  1.035000E-19
 769.96573  5.585000E-20
 769.98056  4.426000E-20
 769.99539  4.370000E-20
 770.01023  5.172000E-20
 770.02506  6.633000E-20
 770.03990  1.112000E-19
 770.05473  1.310000E-19
 770.06957  8.460000E-20
 770.08440  4.963000E-20
 770.09924  4.561000E-20
 770.11407  4.361000E-20
 770.12891  4.765000E-20
 770.14374  1.030000E-19
 770.15857  2.323000E-19
 770.17341  2.502000E-19
 770.18824  1.397000E-19
 770.20308  6.965000E-20
 770.21791  4.392000E-20
 770.23275  2.854000E-20
 770.24758  3.534000E-20
 770.26242  6.923000E-20
 770.27725  1.219000E-19
 770.29208  1.216000E-19
 770.30692  6.473000E-20
 770.32175  3.614000E-20
 770.33659  3.432000E-20
 770.35142  3.687000E-20
 770.36626  3.723000E-20
 770.38109  7.913000E-20
 770.39593  2.116000E-19
 770.41076  2.781000E-19
 770.42560  1.773000E-19
 770.44043  1.773000E-19
 770.45526  5.673000E-20
 770.47010  4.151000E-20
 770.48493  4.894000E-20
 770.49977  9.050000E-20
 770.51460  1.428000E-19
 770.52944  1.204000E-19
 770.54427  6.181000E-20
 770.55911  4.570000E-20
 770.57394  5.101000E-20
 770.58878  4.982000E-20
 770.60361  4.240000E-20
 770.61844  6.705000E-20
 770.63328  1.815000E-19
 770.64811  2.852000E-19
 770.66295  2.023000E-19
 770.67778  9.686000E-20
 770.69262  5.602000E-20
 770.70745  3.987000E-20
 770.72229  5.136000E-20
 770.73712  1.088000E-19
 770.75195  1.486000E-19
 770.76679  9.662000E-20
 770.78162  3.988000E-20
 770.79646  3.710000E-20
 770.81129  5.392000E-20
 770.82613  5.898000E-20
 770.84096  5.415000E-20
 770.85580  7.248000E-20
 770.87063  1.726000E-19
 770.88547  3.024000E-19
 770.90030  2.445000E-19
 770.91513  1.197000E-19
 770.92997  6.386000E-20
 770.94480  6.386000E-20
 770.95964  7.122000E-20
 770.97447  1.409000E-19
 770.98931  1.505000E-19
 771.00414  7.404000E-20
 771.01898  2.939000E-20
 771.03381  2.839000E-20
 771.04864  3.916000E-20
 771.06348  4.582000E-20
 771.07831  4.817000E-20
 771.09315  5.990000E-20
 771.10798  1.477000E-19
 771.12282  2.996000E-19
 771.13765  2.756000E-19
 771.15249  1.371000E-19
 771.16732  6.294000E-20
 771.18216  4.186000E-20
 771.19699  9.125000E-20
 771.21182  1.718000E-19
 771.22666  1.461000E-19
 771.24149  6.143000E-20
 771.25633  3.261000E-20
 771.27116  3.780000E-20
 771.28600  4.528000E-20
 771.30083  4.439000E-20
 771.31567  4.655000E-20
 771.33050  5.708000E-20
 771.34534  1.345000E-19
 771.36017  2.983000E-19
 771.37500  3.112000E-19
 771.38984  1.639000E-19
 771.40467  7.091000E-20
 771.41951  5.029000E-20
 771.43434  1.147000E-19
 771.44918  1.742000E-19
 771.46401  1.158000E-19
 771.47885  4.518000E-20
 771.49368  3.071000E-20
 771.50851  3.254000E-20
 771.52335  4.218000E-20
 771.53818  4.958000E-20
 771.55302  4.950000E-20
 771.56785  5.802000E-20
 771.58269  1.292000E-19
 771.59752  2.992000E-19
 771.61236  3.354000E-19
 771.62719  3.354000E-19
 771.64203  8.000000E-20
 771.65686  8.150000E-20
 771.67169  1.615000E-19
 771.68653  1.748000E-19
 771.70136  8.263000E-20
 771.71620  3.045000E-20
 771.73103  3.004000E-20
 771.74587  3.905000E-20
 771.76070  4.883000E-20
 771.77554  5.546000E-20
 771.79037  5.560000E-20
 771.80520  6.139000E-20
 771.82004  1.225000E-19
 771.83487  2.936000E-19
 771.84971  3.501000E-19
 771.86454  1.856000E-19
 771.87938  7.354000E-20
 771.89421  9.630000E-20
 771.90905  1.795000E-19
 771.92388  1.516000E-19
 771.93872  6.109000E-20
 771.95355  2.827000E-20
 771.96838  2.378000E-20
 771.98322  3.074000E-20
 771.99805  4.233000E-20
 772.01289  5.431000E-20
 772.02772  6.039000E-20
 772.04256  6.991000E-20
 772.05739  1.170000E-19
 772.07223  2.838000E-19
 772.08706  3.659000E-19
 772.10189  2.109000E-19
 772.11673  1.057000E-19
 772.13156  1.480000E-19
 772.14640  1.885000E-19
 772.16123  1.190000E-19
 772.17607  5.260000E-20
 772.19090  3.226000E-20
 772.20574  2.815000E-20
 772.22057  3.366000E-20
 772.23541  4.256000E-20
 772.25024  5.237000E-20
 772.26507  5.623000E-20
 772.27991  6.061000E-20
 772.29474  1.084000E-19
 772.30958  2.818000E-19
 772.32441  3.782000E-19
 772.33925  2.263000E-19
 772.35408  1.316000E-19
 772.36892  1.752000E-19
 772.38375  1.587000E-19
 772.39859  8.046000E-20
 772.41342  3.792000E-20
 772.42825  3.792000E-20
 772.44309  3.165000E-20
 772.45792  4.090000E-20
 772.47276  5.640000E-20
 772.48759  7.090000E-20
 772.50243  7.243000E-20
 772.51726  7.146000E-20
 772.53210  1.142000E-19
 772.54693  2.822000E-19
 772.56176  3.861000E-19
 772.57660  2.512000E-19
 772.59143  1.824000E-19
 772.60627  1.948000E-19
 772.62110  1.241000E-19
 772.63594  5.873000E-20
 772.65077  3.130000E-20
 772.66561  1.929000E-20
 772.68044  1.650000E-20
 772.69528  2.903000E-20
 772.71011  4.970000E-20
 772.72494  6.794000E-20
 772.73978  7.222000E-20
 772.75461  7.189000E-20
 772.76945  1.090000E-19
 772.78428  2.788000E-19
 772.79912  3.976000E-19
 772.81395  2.836000E-19
 772.82879  2.179000E-19
 772.84362  1.699000E-19
 772.85845  8.699000E-20
 772.87329  5.604000E-20
 772.88812  3.976000E-20
 772.90296  3.550000E-20
 772.91779  3.063000E-20
 772.93263  3.833000E-20
 772.94746  5.183000E-20
 772.96230  7.004000E-20
 772.97713  6.944000E-20
 772.99197  6.970000E-20
 773.00680  1.139000E-19
 773.02163  2.888000E-19
 773.03647  4.187000E-19
 773.05130  3.287000E-19
 773.06614  2.142000E-19
 773.08097  1.054000E-19
 773.09581  5.426000E-20
 773.11064  4.367000E-20
 773.12548  3.256000E-20
 773.14031  3.131000E-20
 773.15515  3.041000E-20
 773.16998  4.552000E-20
 773.18481  6.114000E-20
 773.19965  7.389000E-20
 773.21448  7.179000E-20
 773.22932  7.597000E-20
 773.24415  1.238000E-19
 773.25899  3.120000E-19
 773.27382  4.774000E-19
 773.28866  3.825000E-19
 773.30349  1.858000E-19
 773.31832  7.170000E-20
 773.33316  5.673000E-20
 773.34799  4.442000E-20
 773.36283  2.704000E-20
 773.37766  2.224000E-20
 773.39250  2.682000E-20
 773.40733  4.641000E-20
 773.42217  6.603000E-20
 773.43700  7.599000E-20
 773.45184  7.289000E-20
 773.46667  6.856000E-20
 773.48150  1.169000E-19
 773.49634  3.352000E-19
 773.51117  5.254000E-19
 773.52601  3.586000E-19
 773.54084  1.270000E-19
 773.55568  6.626000E-20
 773.57051  6.593000E-20
 773.58535  4.583000E-20
 773.60018  2.963000E-20
 773.61501  2.930000E-20
 773.62985  3.659000E-20
 773.64468  5.420000E-20
 773.65952  7.343000E-20
 773.67435  8.443000E-20
 773.68919  7.932000E-20
 773.70402  7.307000E-20
 773.71886  1.364000E-19
 773.73369  3.941000E-19
 773.74853  5.428000E-19
 773.76336  2.770000E-19
 773.77819  6.959000E-20
 773.79303  5.077000E-20
 773.80786  5.334000E-20
 773.82270  3.620000E-20
 773.83753  2.278000E-20
 773.85237  2.557000E-20
 773.86720  3.634000E-20
 773.88204  5.304000E-20
 773.89687  6.613000E-20
 773.91171  7.555000E-20
 773.92654  7.300000E-20
 773.94137  7.563000E-20
 773.95621  1.695000E-19
 773.97104  4.390000E-19
 773.98588  4.835000E-19
 774.00071  1.923000E-19
 774.01555  5.374000E-20
 774.03038  5.509000E-20
 774.04522  4.952000E-20
 774.06005  3.235000E-20
 774.07488  2.984000E-20
 774.08972  3.453000E-20
 774.10455  4.661000E-20
 774.11939  6.244000E-20
 774.13422  7.542000E-20
 774.14906  7.636000E-20
 774.16389  7.035000E-20
 774.17873  8.535000E-20
 774.19356  2.453000E-19
 774.20840  5.249000E-19
 774.22323  4.351000E-19
 774.23806  1.433000E-19
 774.25290  5.408000E-20
 774.26773  5.641000E-20
 774.28257  4.179000E-20
 774.29740  2.031000E-20
 774.31224  1.915000E-20
 774.32707  2.643000E-20
 774.34191  4.409000E-20
 774.35674  6.523000E-20
 774.37157  8.117000E-20
 774.38641  8.074000E-20
 774.40124  7.878000E-20
 774.41608  1.306000E-19
 774.43091  3.315000E-19
 774.44575  5.219000E-19
 774.46058  3.611000E-19
 774.47542  1.166000E-19
 774.49025  5.957000E-20
 774.50509  5.938000E-20
 774.51992  4.220000E-20
 774.53475  3.208000E-20
 774.54959  3.588000E-20
 774.56442  3.950000E-20
 774.57926  5.006000E-20
 774.59409  6.824000E-20
 774.60893  7.673000E-20
 774.62376  7.663000E-20
 774.63860  9.601000E-20
 774.65343  1.885000E-19
 774.66826  3.565000E-19
 774.68310  4.593000E-19
 774.69793  2.945000E-19
 774.71277  9.067000E-20
 774.72760  5.725000E-20
 774.74244  5.370000E-20
 774.75727  3.821000E-20
 774.77211  3.310000E-20
 774.78694  3.959000E-20
 774.80178  4.338000E-20
 774.81661  5.468000E-20
 774.83144  7.240000E-20
 774.84628  8.469000E-20
 774.86111  8.979000E-20
 774.87595  1.439000E-19
 774.89078  2.321000E-19
 774.90562  3.416000E-19
 774.92045  4.282000E-19
 774.93529  2.518000E-19
 774.95012  7.955000E-20
 774.96496  5.776000E-20
 774.97979  4.299000E-20
 774.99462  3.228000E-20
 775.00946  3.228000E-20
 775.02429  3.641000E-20
 775.03913  3.647000E-20
 775.05396  5.564000E-20
 775.06880  7.182000E-20
 775.08363  8.382000E-20
 775.09847  8.382000E-20
 775.11330  1.828000E-19
 775.12813  1.994000E-19
 775.14297  3.148000E-19
 775.15780  3.947000E-19
 775.17264  1.937000E-19
 775.18747  7.150000E-20
 775.20231  5.842000E-20
 775.21714  3.936000E-20
 775.23198  3.144000E-20
 775.24681  3.644000E-20
 775.26165  3.885000E-20
 775.27648  4.708000E-20
 775.29131  6.644000E-20
 775.30615  8.580000E-20
 775.32098  1.149000E-19
 775.33582  1.789000E-19
 775.35065  1.784000E-19
 775.36549  1.647000E-19
 775.38032  3.399000E-19
 775.39516  3.542000E-19
 775.40999  1.376000E-19
 775.42482  5.633000E-20
 775.43966  4.569000E-20
 775.45449  3.130000E-20
 775.46933  3.252000E-20
 775.48416  3.679000E-20
 775.49900  3.633000E-20
 775.51383  4.255000E-20
 775.52867  6.358000E-20
 775.54350  9.464000E-20
 775.55834  1.585000E-19
 775.57317  1.860000E-19
 775.58800  1.199000E-19
 775.60284  1.862000E-19
 775.61767  3.895000E-19
 775.63251  3.101000E-19
 775.64734  1.029000E-19
 775.66218  5.190000E-20
 775.67701  3.806000E-20
 775.69185  3.580000E-20
 775.70668  4.156000E-20
 775.72152  4.796000E-20
 775.73635  5.136000E-20
 775.75118  6.635000E-20
 775.76602  8.845000E-20
 775.78085  1.395000E-19
 775.79569  1.874000E-19
 775.81052  1.874000E-19
 775.82536  7.599000E-20
 775.84019  2.308000E-19
 775.85503  3.928000E-19
 775.86986  2.342000E-19
 775.88469  7.104000E-20
 775.89953  4.605000E-20
 775.91436  3.411000E-20
 775.92920  3.295000E-20
 775.94403  3.232000E-20
 775.95887  3.786000E-20
 775.97370  4.694000E-20
 775.98854  7.519000E-20
 776.00337  1.245000E-19
 776.01821  1.942000E-19
 776.03304  1.583000E-19
 776.04787  7.696000E-20
 776.06271  1.068000E-19
 776.07754  3.043000E-19
 776.09238  3.780000E-19
 776.10721  1.752000E-19
 776.12205  6.849000E-20
 776.13688  5.138000E-20
 776.15172  4.159000E-20
 776.16655  3.608000E-20
 776.18138  3.074000E-20
 776.19622  2.826000E-20
 776.21105  3.996000E-20
 776.22589  8.623000E-20
 776.24072  1.620000E-19
 776.25556  1.602000E-19
 776.27039  7.931000E-20
 776.28523  5.542000E-20
 776.30006  1.479000E-19
 776.31490  3.488000E-19
 776.32973  3.110000E-19
 776.34456  1.138000E-19
 776.35940  5.126000E-20
 776.37423  3.880000E-20
 776.38907  3.525000E-20
 776.40390  3.349000E-20
 776.41874  3.434000E-20
 776.43357  4.453000E-20
 776.44841  7.937000E-20
 776.46324  1.542000E-19
 776.47807  1.738000E-19
 776.49291  8.903000E-20
 776.50774  4.396000E-20
 776.52258  6.664000E-20
 776.53741  2.181000E-19
 776.55225  3.761000E-19
 776.56708  2.339000E-19
 776.58192  7.444000E-20
 776.59675  4.371000E-20
 776.61159  3.324000E-20
 776.62642  3.158000E-20
 776.64125  2.695000E-20
 776.65609  3.035000E-20
 776.67092  5.048000E-20
 776.68576  1.265000E-19
 776.70059  1.701000E-19
 776.71543  1.057000E-19
 776.73026  4.848000E-20
 776.74510  3.920000E-20
 776.75993  9.144000E-20
 776.77477  2.818000E-19
 776.78960  3.462000E-19
 776.80443  1.637000E-19
 776.81927  6.353000E-20
 776.83410  4.558000E-20
 776.84894  4.064000E-20
 776.86377  4.182000E-20
 776.87861  3.832000E-20
 776.89344  4.672000E-20
 776.90828  1.061000E-19
 776.92311  1.656000E-19
 776.93794  1.171000E-19
 776.95278  6.558000E-20
 776.96761  5.201000E-20
 776.98245  5.960000E-20
 776.99728  1.612000E-19
 777.01212  3.374000E-19
 777.02695  2.733000E-19
 777.04179  9.816000E-20
 777.05662  4.930000E-20
 777.07146  3.714000E-20
 777.08629  3.723000E-20
 777.10112  3.650000E-20
 777.11596  4.518000E-20
 777.13079  9.188000E-20
 777.14563  1.546000E-19
 777.16046  1.256000E-19
 777.17530  7.349000E-20
 777.19013  5.639000E-20
 777.20497  5.167000E-20
 777.21980  8.105000E-20
 777.23463  2.278000E-19
 777.24947  3.347000E-19
 777.26430  1.816000E-19
 777.27914  5.539000E-20
 777.29397  3.136000E-20
 777.30881  2.623000E-20
 777.32364  2.752000E-20
 777.33848  3.450000E-20
 777.35331  7.372000E-20
 777.36815  1.325000E-19
 777.38298  1.167000E-19
 777.39781  6.636000E-20
 777.41265  5.100000E-20
 777.42748  3.895000E-20
 777.44232  3.769000E-20
 777.45715  1.064000E-19
 777.47199  2.844000E-19
 777.48682  2.817000E-19
 777.50166  1.065000E-19
 777.51649  3.293000E-20
 777.53133  2.290000E-20
 777.54616  2.308000E-20
 777.56099  2.370000E-20
 777.57583  5.785000E-20
 777.59066  1.124000E-19
 777.60550  1.009000E-19
 777.62033  6.549000E-20
 777.63517  5.932000E-20
 777.65000  5.155000E-20
 777.66484  4.002000E-20
 777.67967  5.492000E-20
 777.69450  1.860000E-19
 777.70934  3.187000E-19
 777.72417  1.942000E-19
 777.73901  5.479000E-20
 777.75384  3.404000E-20
 777.76868  3.131000E-20
 777.78351  2.891000E-20
 777.79835  5.236000E-20
 777.81318  1.039000E-19
 777.82802  9.003000E-20
 777.84285  5.204000E-20
 777.85768  4.650000E-20
 777.87252  4.530000E-20
 777.88735  3.904000E-20
 777.90219  4.062000E-20
 777.91702  9.816000E-20
 777.93186  2.561000E-19
 777.94669  2.705000E-19
 777.96153  1.038000E-19
 777.97636  3.398000E-20
 777.99119  2.479000E-20
 778.00603  2.716000E-20
 778.02086  5.462000E-20
 778.03570  1.062000E-19
 778.05053  9.880000E-20
 778.06537  6.379000E-20
 778.08020  5.969000E-20
 778.09504  5.966000E-20
 778.10987  5.202000E-20
 778.12471  3.932000E-20
 778.13954  5.482000E-20
 778.15437  1.726000E-19
 778.16921  3.004000E-19
 778.18404  1.900000E-19
 778.19888  5.987000E-20
 778.21371  3.679000E-20
 778.22855  3.226000E-20
 778.24338  5.178000E-20
 778.25822  9.376000E-20
 778.27305  8.797000E-20
 778.28788  5.517000E-20
 778.30272  6.207000E-20
 778.31755  6.756000E-20
 778.33239  6.453000E-20
 778.34722  5.254000E-20
 778.36206  4.957000E-20
 778.37689  1.026000E-19
 778.39173  2.493000E-19
 778.40656  2.534000E-19
 778.42140  1.002000E-19
 778.43623  3.648000E-20
 778.45106  3.207000E-20
 778.46590  5.477000E-20
 778.48073  9.362000E-20
 778.49557  7.966000E-20
 778.51040  3.679000E-20
 778.52524  3.426000E-20
 778.54007  4.566000E-20
 778.55491  4.736000E-20
 778.56974  4.092000E-20
 778.58458  3.409000E-20
 778.59941  4.692000E-20
 778.61424  1.530000E-19
 778.62908  2.493000E-19
 778.64391  1.364000E-19
 778.65875  2.512000E-20
 778.67358  1.692000E-20
 778.68842  4.024000E-20
 778.70325  7.863000E-20
 778.71809  6.474000E-20
 778.73292  3.144000E-20
 778.74775  2.962000E-20
 778.76259  4.175000E-20
 778.77742  4.500000E-20
 778.79226  4.208000E-20
 778.80709  3.491000E-20
 778.82193  3.645000E-20
 778.83676  9.541000E-20
 778.85160  2.253000E-19
 778.86643  2.090000E-19
 778.88127  6.933000E-20
 778.89610  2.512000E-20
 778.91093  3.959000E-20
 778.92577  6.831000E-20
 778.94060  5.356000E-20
 778.95544  2.633000E-20
 778.97027  2.513000E-20
 778.98511  3.972000E-20
 778.99994  4.897000E-20
 779.01478  4.688000E-20
 779.02961  3.840000E-20
 779.04444  2.863000E-20
 779.05928  4.645000E-20
 779.07411  1.529000E-19
 779.08895  2.179000E-19
 779.10378  1.021000E-19
 779.11862  2.748000E-20
 779.13345  4.285000E-20
 779.14829  7.009000E-20
 779.16312  5.431000E-20
 779.17796  2.449000E-20
 779.19279  1.824000E-20
 779.20762  2.762000E-20
 779.22246  4.321000E-20
 779.23729  4.972000E-20
 779.25213  4.798000E-20
 779.26696  4.194000E-20
 779.28180  4.800000E-20
 779.29663  1.120000E-19
 779.31147  2.071000E-19
 779.32630  1.488000E-19
 779.34114  4.733000E-20
 779.35597  4.735000E-20
 779.37080  6.491000E-20
 779.38564  4.800000E-20
 779.40047  2.847000E-20
 779.41531  2.853000E-20
 779.43014  3.263000E-20
 779.44498  4.282000E-20
 779.45981  4.274000E-20
 779.47465  3.898000E-20
 779.48948  3.595000E-20
 779.50431  3.664000E-20
 779.51915  6.856000E-20
 779.53398  1.644000E-19
 779.54882  1.764000E-19
 779.56365  7.905000E-20
 779.57849  5.369000E-20
 779.59332  6.314000E-20
 779.60816  4.218000E-20
 779.62299  2.569000E-20
 779.63783  2.539000E-20
 779.65266  3.149000E-20
 779.66749  4.734000E-20
 779.68233  5.924000E-20
 779.69716  5.689000E-20
 779.71200  4.713000E-20
 779.72683  4.292000E-20
 779.74167  5.389000E-20
 779.75650  1.269000E-19
 779.77134  1.899000E-19
 779.78617  1.161000E-19
 779.80100  6.597000E-20
 779.81584  6.953000E-20
 779.83067  5.040000E-20
 779.84551  3.959000E-20
 779.86034  3.785000E-20
 779.87518  3.881000E-20
 779.89001  4.437000E-20
 779.90485  5.408000E-20
 779.91968  5.944000E-20
 779.93452  5.898000E-20
 779.94935  5.628000E-20
 779.96418  6.466000E-20
 779.97902  1.110000E-19
 779.99385  1.870000E-19
 780.00869  1.565000E-19
 780.02352  9.091000E-20
 780.03836  7.955000E-20
 780.05319  6.241000E-20
 780.06803  6.241000E-20
 780.08286  6.439000E-20
 780.09769  7.019000E-20
 780.11253  7.210000E-20
 780.12736  7.665000E-20
 780.14220  7.361000E-20
 780.15703  6.563000E-20
 780.17187  5.530000E-20
 780.18670  5.311000E-20
 780.20154  7.917000E-20
 780.21637  1.531000E-19
 780.23121  1.667000E-19
 780.24604  1.003000E-19
 780.26087  6.242000E-20
 780.27571  4.183000E-20
 780.29054  3.813000E-20
 780.30538  3.931000E-20
 780.32021  4.456000E-20
 780.33505  5.383000E-20
 780.34988  6.940000E-20
 780.36472  7.899000E-20
 780.37955  8.110000E-20
 780.39439  7.750000E-20
 780.40922  7.310000E-20
 780.42405  8.534000E-20
 780.43889  1.498000E-19
 780.45372  1.988000E-19
 780.46856  1.508000E-19
 780.48339  1.017000E-19
 780.49823  8.946000E-20
 780.51306  8.771000E-20
 780.52790  8.860000E-20
 780.54273  9.015000E-20
 780.55756  8.778000E-20
 780.57240  8.998000E-20
 780.58723  9.735000E-20
 780.60207  9.576000E-20
 780.61690  8.424000E-20
 780.63174  7.632000E-20
 780.64657  8.390000E-20
 780.66141  1.251000E-19
 780.67624  1.747000E-19
 780.69108  1.388000E-19
 780.70591  7.436000E-20
 780.72074  5.713000E-20
 780.73558  6.119000E-20
 780.75041  6.611000E-20
 780.76525  6.972000E-20
 780.78008  7.922000E-20
 780.79492  9.176000E-20
 780.80975  1.004000E-19
 780.82459  1.025000E-19
 780.83942  1.055000E-19
 780.85425  1.102000E-19
 780.86909  1.165000E-19
 780.88392  1.479000E-19
 780.89876  2.119000E-19
 780.91359  2.105000E-19
 780.92843  1.535000E-19
 780.94326  1.382000E-19
 780.95810  1.462000E-19
 780.97293  1.539000E-19
 780.98777  1.580000E-19
 781.00260  1.674000E-19
 781.01743  1.803000E-19
 781.03227  2.011000E-19
 781.04710  2.164000E-19
 781.06194  2.184000E-19
 781.07677  2.169000E-19
 781.09161  2.205000E-19
 781.10644  2.397000E-19
 781.12128  2.800000E-19
 781.13611  2.643000E-19
 781.15095  1.920000E-19
 781.16578  1.669000E-19
 781.18061  1.716000E-19
 781.19545  1.715000E-19
 781.21028  1.601000E-19
 781.22512  1.422000E-19
 781.23995  1.261000E-19
 781.25479  1.216000E-19
 781.26962  1.257000E-19
 781.28446  1.290000E-19
 781.29929  1.304000E-19
 781.31412  1.328000E-19
 781.32896  1.427000E-19
 781.34379  1.723000E-19
 781.35863  1.723000E-19
 781.37346  1.197000E-19
 781.38830  9.781000E-20
 781.40313  1.049000E-19
 781.41797  1.137000E-19
 781.43280  1.207000E-19
 781.44764  1.235000E-19
 781.46247  1.286000E-19
 781.47730  1.396000E-19
 781.49214  1.468000E-19
 781.50697  1.489000E-19
 781.52181  1.565000E-19
 781.53664  1.712000E-19
 781.55148  1.904000E-19
 781.56631  2.222000E-19
 781.58115  2.507000E-19
 781.59598  2.313000E-19
 781.61081  2.126000E-19
 781.62565  2.203000E-19
 781.64048  2.282000E-19
 781.65532  2.354000E-19
 781.67015  2.481000E-19
 781.68499  2.629000E-19
 781.69982  2.738000E-19
 781.71466  2.820000E-19
 781.72949  2.877000E-19
 781.74433  2.919000E-19
 781.75916  2.888000E-19
 781.77399  2.790000E-19
 781.78883  2.861000E-19
 781.80366  3.166000E-19
 781.81850  3.198000E-19
 781.83333  3.148000E-19
 781.84817  3.291000E-19
 781.86300  3.449000E-19
 781.87784  3.637000E-19
 781.89267  3.858000E-19
 781.90751  4.099000E-19
 781.92234  4.313000E-19
 781.93717  4.570000E-19
 781.95201  4.846000E-19
 781.96684  5.203000E-19
 781.98168  5.619000E-19
 781.99651  6.197000E-19
 782.01135  6.648000E-19
 782.02618  6.754000E-19
 782.04102  6.724000E-19
 782.05585  6.814000E-19
 782.07068  7.015000E-19
 782.08552  7.234000E-19
 782.10035  7.511000E-19
 782.11519  7.640000E-19
 782.13002  7.587000E-19
 782.14486  7.554000E-19
 782.15969  7.279000E-19
 782.17453  6.668000E-19
 782.18936  6.323000E-19
 782.20420  6.083000E-19
 782.21903  4.857000E-19
 782.23386  3.931000E-19
 782.24870  3.386000E-19
 782.26353  2.741000E-19
 782.27837  2.379000E-19
 782.29320  2.291000E-19
 782.30804  2.190000E-19
 782.32287  2.090000E-19
 782.33771  1.973000E-19
 782.35254  1.826000E-19
 782.36737  1.820000E-19
 782.38221  2.066000E-19
 782.39704  2.140000E-19
 782.41188  1.925000E-19
 782.42671  1.633000E-19
 782.44155  1.380000E-19
 782.45638  1.335000E-19
 782.47122  1.472000E-19
 782.48605  1.469000E-19
 782.50089  1.259000E-19
 782.51572  1.226000E-19
 782.53055  1.436000E-19
 782.54539  1.615000E-19
 782.56022  1.558000E-19
 782.57506  1.447000E-19
 782.58989  1.454000E-19
 782.60473  1.525000E-19
 782.61956  1.617000E-19
 782.63440  1.754000E-19
 782.64923  1.908000E-19
 782.66406  2.113000E-19
 782.67890  2.296000E-19
 782.69373  2.307000E-19
 782.70857  2.220000E-19
 782.72340  2.215000E-19
 782.73824  2.336000E-19
 782.75307  2.510000E-19
 782.76791  2.651000E-19
 782.78274  2.794000E-19
 782.79758  3.020000E-19
 782.81241  3.233000E-19
 782.82724  3.343000E-19
 782.84208  3.453000E-19
 782.85691  3.682000E-19
 782.87175  3.933000E-19
 782.88658  4.161000E-19
 782.90142  4.431000E-19
 782.91625  4.781000E-19
 782.93109  5.155000E-19
 782.94592  5.490000E-19
 782.96076  5.780000E-19
 782.97559  6.070000E-19
 782.99042  6.348000E-19
 783.00526  6.614000E-19
 783.02009  6.967000E-19
 783.03493  7.328000E-19
 783.04976  7.457000E-19
 783.06460  8.830000E-19
 783.07943  9.454000E-19
 783.09427  1.000000E-18
 783.10910  1.056000E-18
 783.12393  1.114000E-18
 783.13877  1.171000E-18
 783.15360  1.232000E-18
 783.16844  1.294000E-18
 783.18327  1.368000E-18
 783.19811  1.430000E-18
 783.21294  1.498000E-18
 783.22778  1.551000E-18
 783.24261  1.621000E-18
 783.25745  1.677000E-18
 783.27228  1.657000E-18
 783.28711  1.644000E-18
 783.30195  1.590000E-18
 783.31678  1.488000E-18
 783.33162  1.344000E-18
 783.34645  1.131000E-18
 783.36129  6.508000E-19
 783.37612  2.651000E-19
 783.39096  9.305000E-20
 783.40579  6.380000E-20
 783.42062  5.332000E-20
 783.43546  5.034000E-20
 783.45029  5.325000E-20
 783.46513  6.043000E-20
 783.47996  6.883000E-20
 783.49480  7.708000E-20
 783.50963  8.089000E-20
 783.52447  7.810000E-20
 783.53930  7.335000E-20
 783.55414  7.319000E-20
 783.56897  7.305000E-20
 783.58380  8.140000E-20
 783.59864  8.923000E-20
 783.61347  9.341000E-20
 783.62831  9.183000E-20
 783.64314  8.933000E-20
 783.65798  9.127000E-20
 783.67281  9.335000E-20
 783.68765  9.228000E-20
 783.70248  9.569000E-20
 783.71732  1.086000E-19
 783.73215  1.090000E-19
 783.74698  1.006000E-19
 783.76182  1.157000E-19
 783.77665  1.331000E-19
 783.79149  1.435000E-19
 783.80632  1.456000E-19
 783.82116  1.199000E-19
 783.83599  6.098000E-20
 783.85083  1.749000E-20
 783.86566  7.116000E-21
 783.88049  1.193000E-20
 783.89533  1.689000E-20
 783.91016  2.175000E-20
 783.92500  3.377000E-20
 783.93983  4.102000E-20
 783.95467  2.457000E-20
 783.96950  1.003000E-20
 783.98434  9.425000E-21
 783.99917  1.435000E-20
 784.01401  2.311000E-20
 784.02884  3.843000E-20
 784.04367  4.053000E-20
 784.05851  2.988000E-20
 784.07334  2.350000E-20
 784.08818  2.264000E-20
 784.10301  2.201000E-20
 784.11785  2.193000E-20
 784.13268  3.407000E-20
 784.14752  5.322000E-20
 784.16235  4.855000E-20
 784.17718  2.441000E-20
 784.19202  1.743000E-20
 784.20685  2.005000E-20
 784.22169  2.297000E-20
 784.23652  2.529000E-20
 784.25136  3.575000E-20
 784.26619  3.148000E-20
 784.28103  1.640000E-20
 784.29586  1.647000E-20
 784.31070  2.144000E-20
 784.32553  2.033000E-20
 784.34036  2.522000E-20
 784.35520  4.730000E-20
 784.37003  5.726000E-20
 784.38487  3.402000E-20
 784.39970  1.836000E-20
 784.41454  2.211000E-20
 784.42937  2.737000E-20
 784.44421  3.267000E-20
 784.45904  4.673000E-20
 784.47387  5.592000E-20
 784.48871  4.177000E-20
 784.50354  2.168000E-20
 784.51838  2.323000E-20
 784.53321  2.213000E-20
 784.54805  2.253000E-20
 784.56288  4.025000E-20
 784.57772  6.602000E-20
 784.59255  5.575000E-20
 784.60739  2.943000E-20
 784.62222  2.144000E-20
 784.63705  2.490000E-20
 784.65189  2.346000E-20
 784.66672  2.346000E-20
 784.68156  3.510000E-20
 784.69639  5.165000E-20
 784.71123  4.052000E-20
 784.72606  2.157000E-20
 784.74090  1.534000E-20
 784.75573  1.476000E-20
 784.77057  3.002000E-20
 784.78540  6.261000E-20
 784.80023  7.048000E-20
 784.81507  3.961000E-20
 784.82990  2.567000E-20
 784.84474  3.297000E-20
 784.85957  4.197000E-20
 784.87441  3.780000E-20
 784.88924  3.189000E-20
 784.90408  4.642000E-20
 784.91891  6.182000E-20
 784.93374  3.854000E-20
 784.94858  2.050000E-20
 784.96341  1.788000E-20
 784.97825  2.258000E-20
 784.99308  5.199000E-20
 785.00792  7.958000E-20
 785.02275  5.797000E-20
 785.03759  3.072000E-20
 785.05242  2.290000E-20
 785.06726  3.027000E-20
 785.08209  3.662000E-20
 785.09692  2.617000E-20
 785.11176  2.540000E-20
 785.12659  5.828000E-20
 785.14143  7.527000E-20
 785.15626  4.437000E-20
 785.17110  1.867000E-20
 785.18593  1.386000E-20
 785.20077  3.691000E-20
 785.21560  7.905000E-20
 785.23043  7.383000E-20
 785.24527  4.226000E-20
 785.26010  3.593000E-20
 785.27494  4.435000E-20
 785.28977  5.669000E-20
 785.30461  5.015000E-20
 785.31944  3.230000E-20
 785.33428  3.831000E-20
 785.34911  7.657000E-20
 785.36395  8.240000E-20
 785.37878  3.730000E-20
 785.39361  1.710000E-20
 785.40845  3.274000E-20
 785.42328  7.722000E-20
 785.43812  8.585000E-20
 785.45295  4.831000E-20
 785.46779  3.118000E-20
 785.48262  3.151000E-20
 785.49746  4.199000E-20
 785.51229  4.844000E-20
 785.52713  3.581000E-20
 785.54196  3.045000E-20
 785.55679  5.437000E-20
 785.57163  1.002000E-19
 785.58646  8.639000E-20
 785.60130  3.129000E-20
 785.61613  2.699000E-20
 785.63097  6.877000E-20
 785.64580  1.014000E-19
 785.66064  7.931000E-20
 785.67547  5.750000E-20
 785.69030  5.127000E-20
 785.70514  5.526000E-20
 785.71997  5.693000E-20
 785.73481  4.462000E-20
 785.74964  2.803000E-20
 785.76448  3.108000E-20
 785.77931  7.044000E-20
 785.79415  1.144000E-19
 785.80898  7.638000E-20
 785.82382  3.265000E-20
 785.83865  5.428000E-20
 785.85348  9.241000E-20
 785.86832  7.685000E-20
 785.88315  4.639000E-20
 785.89799  4.012000E-20
 785.91282  4.350000E-20
 785.92766  4.927000E-20
 785.94249  4.851000E-20
 785.95733  4.044000E-20
 785.97216  3.130000E-20
 785.98699  4.032000E-20
 786.00183  9.006000E-20
 786.01666  1.201000E-19
 786.03150  6.659000E-20
 786.04633  6.659000E-20
 786.06117  9.654000E-20
 786.07600  9.948000E-20
 786.09084  7.386000E-20
 786.10567  6.856000E-20
 786.12051  6.261000E-20
 786.13534  5.806000E-20
 786.15017  5.334000E-20
 786.16501  4.394000E-20
 786.17984  3.208000E-20
 786.19468  3.208000E-20
 786.20951  5.882000E-20
 786.22435  1.222000E-19
 786.23918  1.234000E-19
 786.25402  6.563000E-20
 786.26885  8.336000E-20
 786.28368  9.255000E-20
 786.29852  6.271000E-20
 786.31335  5.895000E-20
 786.32819  6.307000E-20
 786.34302  5.756000E-20
 786.35786  5.513000E-20
 786.37269  5.867000E-20
 786.38753  4.556000E-20
 786.40236  3.216000E-20
 786.41720  3.569000E-20
 786.43203  7.526000E-20
 786.44686  1.397000E-19
 786.46170  1.228000E-19
 786.47653  1.046000E-19
 786.49137  1.162000E-19
 786.50620  8.833000E-20
 786.52104  7.602000E-20
 786.53587  7.111000E-20
 786.55071  6.086000E-20
 786.56554  4.977000E-20
 786.58038  5.288000E-20
 786.59521  4.867000E-20
 786.61004  3.702000E-20
 786.62488  3.615000E-20
 786.63971  5.090000E-20
 786.65455  1.138000E-19
 786.66938  1.662000E-19
 786.68422  1.386000E-19
 786.69905  1.158000E-19
 786.71389  8.158000E-20
 786.72872  6.751000E-20
 786.74355  7.434000E-20
 786.75839  6.985000E-20
 786.77322  5.635000E-20
 786.78806  5.620000E-20
 786.80289  5.819000E-20
 786.81773  4.685000E-20
 786.83256  4.004000E-20
 786.84740  3.862000E-20
 786.86223  6.764000E-20
 786.87707  1.610000E-19
 786.89190  2.115000E-19
 786.90673  1.617000E-19
 786.92157  1.008000E-19
 786.93640  7.933000E-20
 786.95124  8.309000E-20
 786.96607  7.031000E-20
 786.98091  5.473000E-20
 786.99574  4.841000E-20
 787.01058  5.959000E-20
 787.02541  5.714000E-20
 787.04024  4.609000E-20
 787.05508  4.609000E-20
 787.06991  4.067000E-20
 787.08475  1.033000E-19
 787.09958  2.268000E-19
 787.11442  2.194000E-19
 787.12925  1.067000E-19
 787.14409  6.574000E-20
 787.15892  7.647000E-20
 787.17376  7.723000E-20
 787.18859  6.494000E-20
 787.20342  5.729000E-20
 787.21826  6.352000E-20
 787.23309  6.775000E-20
 787.24793  5.347000E-20
 787.26276  3.738000E-20
 787.27760  2.933000E-20
 787.29243  6.083000E-20
 787.30727  2.035000E-19
 787.32210  3.089000E-19
 787.33694  1.789000E-19
 787.35177  8.012000E-20
 787.36660  8.441000E-20
 787.38144  8.354000E-20
 787.39627  6.616000E-20
 787.41111  5.445000E-20
 787.42594  5.850000E-20
 787.44078  7.054000E-20
 787.45561  6.187000E-20
 787.47045  4.116000E-20
 787.48528  2.852000E-20
 787.50011  3.211000E-20
 787.51495  1.170000E-19
 787.52978  2.614000E-19
 787.54462  2.197000E-19
 787.55945  9.648000E-20
 787.57429  8.427000E-20
 787.58912  8.547000E-20
 787.60396  7.629000E-20
 787.61879  6.032000E-20
 787.63363  6.008000E-20
 787.64846  7.067000E-20
 787.66329  6.873000E-20
 787.67813  4.749000E-20
 787.69296  4.063000E-20
 787.70780  4.365000E-20
 787.72263  1.071000E-19
 787.73747  2.747000E-19
 787.75230  3.223000E-19
 787.76714  1.620000E-19
 787.78197  8.953000E-20
 787.79680  7.877000E-20
 787.81164  7.877000E-20
 787.82647  5.606000E-20
 787.84131  5.385000E-20
 787.85614  6.565000E-20
 787.87098  7.544000E-20
 787.88581  5.178000E-20
 787.90065  2.987000E-20
 787.91548  2.335000E-20
 787.93032  6.735000E-20
 787.94515  1.996000E-19
 787.95998  3.144000E-19
 787.97482  2.385000E-19
 787.98965  1.203000E-19
 788.00449  9.112000E-20
 788.01932  8.205000E-20
 788.03416  7.080000E-20
 788.04899  6.111000E-20
 788.06383  6.746000E-20
 788.07866  7.995000E-20
 788.09349  6.549000E-20
 788.10833  4.353000E-20
 788.12316  4.301000E-20
 788.13800  7.813000E-20
 788.15283  1.682000E-19
 788.16767  2.618000E-19
 788.18250  2.842000E-19
 788.19734  1.639000E-19
 788.21217  7.991000E-20
 788.22701  7.017000E-20
 788.24184  6.476000E-20
 788.25667  5.953000E-20
 788.27151  6.258000E-20
 788.28634  7.574000E-20
 788.30118  7.127000E-20
 788.31601  4.514000E-20
 788.33085  4.074000E-20
 788.34568  8.041000E-20
 788.36052  1.549000E-19
 788.37535  2.020000E-19
 788.39019  2.810000E-19
 788.40502  2.492000E-19
 788.41985  1.208000E-19
 788.43469  8.504000E-20
 788.44952  7.520000E-20
 788.46436  6.588000E-20
 788.47919  6.187000E-20
 788.49403  7.277000E-20
 788.50886  7.781000E-20
 788.52370  6.114000E-20
 788.53853  5.648000E-20
 788.55336  9.589000E-20
 788.56820  1.546000E-19
 788.58303  1.550000E-19
 788.59787  2.255000E-19
 788.61270  2.921000E-19
 788.62754  1.590000E-19
 788.64237  8.145000E-20
 788.65721  7.990000E-20
 788.67204  7.270000E-20
 788.68688  6.471000E-20
 788.70171  7.048000E-20
 788.71654  7.595000E-20
 788.73138  5.650000E-20
 788.74621  4.816000E-20
 788.76105  9.589000E-20
 788.77588  1.519000E-19
 788.79072  1.322000E-19
 788.80555  1.738000E-19
 788.82039  3.119000E-19
 788.83522  2.495000E-19
 788.85005  1.121000E-19
 788.86489  8.416000E-20
 788.87972  7.877000E-20
 788.89456  7.025000E-20
 788.90939  6.993000E-20
 788.92423  8.553000E-20
 788.93906  7.677000E-20
 788.95390  6.983000E-20
 788.96873  1.185000E-19
 788.98357  1.669000E-19
 788.99840  1.187000E-19
 789.01323  1.111000E-19
 789.02807  2.501000E-19
 789.04290  2.945000E-19
 789.05774  1.476000E-19
 789.07257  8.589000E-20
 789.08741  8.374000E-20
 789.10224  7.240000E-20
 789.11708  6.507000E-20
 789.13191  7.672000E-20
 789.14675  6.857000E-20
 789.16158  6.554000E-20
 789.17641  1.173000E-19
 789.19125  1.661000E-19
 789.20608  1.115000E-19
 789.22092  8.572000E-20
 789.23575  1.997000E-19
 789.25059  3.310000E-19
 789.26542  2.174000E-19
 789.28026  9.553000E-20
 789.29509  7.985000E-20
 789.30992  7.246000E-20
 789.32476  6.609000E-20
 789.33959  7.945000E-20
 789.35443  8.433000E-20
 789.36926  8.275000E-20
 789.38410  1.374000E-19
 789.39893  1.730000E-19
 789.41377  1.019000E-19
 789.42860  5.659000E-20
 789.44344  1.355000E-19
 789.45827  3.103000E-19
 789.47310  2.886000E-19
 789.48794  1.278000E-19
 789.50277  8.798000E-20
 789.51761  7.966000E-20
 789.53244  7.015000E-20
 789.54728  7.482000E-20
 789.56211  8.461000E-20
 789.57695  8.801000E-20
 789.59178  1.456000E-19
 789.60661  1.654000E-19
 789.62145  9.777000E-20
 789.63628  5.990000E-20
 789.65112  1.047000E-19
 789.66595  2.713000E-19
 789.68079  3.468000E-19
 789.69562  1.792000E-19
 789.71046  9.183000E-20
 789.72529  8.298000E-20
 789.74013  8.107000E-20
 789.75496  8.450000E-20
 789.76979  9.823000E-20
 789.78463  1.111000E-19
 789.79946  1.686000E-19
 789.81430  1.515000E-19
 789.82913  6.845000E-20
 789.84397  3.678000E-20
 789.85880  6.773000E-20
 789.87364  2.117000E-19
 789.88847  3.670000E-19
 789.90331  2.367000E-19
 789.91814  9.768000E-20
 789.93297  7.784000E-20
 789.94781  7.230000E-20
 789.96264  7.230000E-20
 789.97748  9.022000E-20
 789.99231  1.251000E-19
 790.00715  1.830000E-19
 790.02198  1.473000E-19
 790.03682  7.291000E-20
 790.05165  4.968000E-20
 790.06648  6.230000E-20
 790.08132  1.692000E-19
 790.09615  3.602000E-19
 790.11099  3.051000E-19
 790.12582  1.224000E-19
 790.14066  7.925000E-20
 790.15549  7.965000E-20
 790.17033  8.781000E-20
 790.18516  1.064000E-19
 790.20000  1.463000E-19
 790.21483  1.814000E-19
 790.22966  1.176000E-19
 790.24450  4.969000E-20
 790.25933  3.793000E-20
 790.27417  4.315000E-20
 790.28900  1.211000E-19
 790.30384  3.253000E-19
 790.31867  3.632000E-19
 790.33351  1.626000E-19
 790.34834  7.960000E-20
 790.36317  7.031000E-20
 790.37801  7.451000E-20
 790.39284  1.035000E-19
 790.40768  1.614000E-19
 790.42251  1.714000E-19
 790.43735  9.668000E-20
 790.45218  5.034000E-20
 790.46702  4.434000E-20
 790.48185  4.503000E-20
 790.49669  9.768000E-20
 790.51152  2.798000E-19
 790.52635  3.876000E-19
 790.54119  2.090000E-19
 790.55602  9.197000E-20
 790.57086  7.586000E-20
 790.58569  8.281000E-20
 790.60053  1.248000E-19
 790.61536  1.781000E-19
 790.63020  1.451000E-19
 790.64503  6.237000E-20
 790.65986  3.295000E-20
 790.67470  2.971000E-20
 790.68953  3.430000E-20
 790.70437  7.650000E-20
 790.71920  2.390000E-19
 790.73404  4.054000E-19
 790.74887  2.643000E-19
 790.76371  1.058000E-19
 790.77854  7.901000E-20
 790.79338  9.180000E-20
 790.80821  1.537000E-19
 790.82304  2.034000E-19
 790.83788  1.369000E-19
 790.85271  6.509000E-20
 790.86755  4.923000E-20
 790.88238  4.336000E-20
 790.89722  4.555000E-20
 790.91205  6.951000E-20
 790.92689  1.960000E-19
 790.94172  3.923000E-19
 790.95656  3.069000E-19
 790.97139  1.220000E-19
 790.98622  8.885000E-20
 791.00106  1.085000E-19
 791.01589  1.783000E-19
 791.03073  1.916000E-19
 791.04556  9.690000E-20
 791.06040  4.020000E-20
 791.07523  3.406000E-20
 791.09007  3.386000E-20
 791.10490  3.970000E-20
 791.11973  6.429000E-20
 791.13457  1.730000E-19
 791.14940  3.810000E-19
 791.16424  3.441000E-19
 791.17907  1.384000E-19
 791.19391  8.420000E-20
 791.20874  1.178000E-19
 791.22358  1.960000E-19
 791.23841  1.755000E-19
 791.25325  8.766000E-20
 791.26808  5.727000E-20
 791.28291  4.978000E-20
 791.29775  4.609000E-20
 791.31258  4.652000E-20
 791.32742  5.754000E-20
 791.34225  1.422000E-19
 791.35709  3.552000E-19
 791.37192  3.751000E-19
 791.38676  1.662000E-19
 791.40159  9.268000E-20
 791.41642  1.407000E-19
 791.43126  1.934000E-19
 791.44609  1.298000E-19
 791.46093  5.248000E-20
 791.47576  3.720000E-20
 791.49060  3.633000E-20
 791.50543  3.633000E-20
 791.52027  4.455000E-20
 791.53510  5.735000E-20
 791.54994  1.301000E-19
 791.56477  3.355000E-19
 791.57960  3.891000E-19
 791.59444  1.824000E-19
 791.60927  1.026000E-19
 791.62411  1.612000E-19
 791.63894  1.791000E-19
 791.65378  1.009000E-19
 791.66861  5.556000E-20
 791.68345  5.079000E-20
 791.69828  4.786000E-20
 791.71312  4.836000E-20
 791.72795  4.616000E-20
 791.74278  5.577000E-20
 791.75762  1.192000E-19
 791.77245  3.199000E-19
 791.78729  4.075000E-19
 791.80212  2.149000E-19
 791.81696  1.383000E-19
 791.83179  1.912000E-19
 791.84663  1.620000E-19
 791.86146  7.462000E-20
 791.87629  3.888000E-20
 791.89113  3.507000E-20
 791.90596  3.906000E-20
 791.92080  4.702000E-20
 791.93563  5.080000E-20
 791.95047  6.520000E-20
 791.96530  1.208000E-19
 791.98014  3.059000E-19
 791.99497  4.112000E-19
 792.00981  2.349000E-19
 792.02464  1.537000E-19
 792.03947  1.760000E-19
 792.05431  1.174000E-19
 792.06914  6.062000E-20
 792.08398  4.441000E-20
 792.09881  4.469000E-20
 792.11365  4.473000E-20
 792.12848  4.653000E-20
 792.14332  4.849000E-20
 792.15815  6.119000E-20
 792.17298  1.103000E-19
 792.18782  2.937000E-19
 792.20265  4.218000E-19
 792.21749  2.694000E-19
 792.23232  1.856000E-19
 792.24716  1.653000E-19
 792.26199  8.907000E-20
 792.27683  4.742000E-20
 792.29166  3.325000E-20
 792.30650  3.518000E-20
 792.32133  3.439000E-20
 792.33616  4.488000E-20
 792.35100  5.326000E-20
 792.36583  6.803000E-20
 792.38067  1.136000E-19
 792.39550  2.947000E-19
 792.41034  4.300000E-19
 792.42517  2.965000E-19
 792.44001  1.855000E-19
 792.45484  1.298000E-19
 792.46967  7.377000E-20
 792.48451  5.499000E-20
 792.49934  4.938000E-20
 792.51418  5.050000E-20
 792.52901  4.414000E-20
 792.54385  5.059000E-20
 792.55868  5.346000E-20
 792.57352  6.507000E-20
 792.58835  1.142000E-19
 792.60319  3.017000E-19
 792.61802  4.529000E-19
 792.63285  3.219000E-19
 792.64769  1.657000E-19
 792.66252  9.998000E-20
 792.67736  6.058000E-20
 792.69219  3.860000E-20
 792.70703  2.993000E-20
 792.72186  2.935000E-20
 792.73670  3.289000E-20
 792.75153  4.727000E-20
 792.76637  5.674000E-20
 792.78120  6.774000E-20
 792.79603  1.147000E-19
 792.81087  3.086000E-19
 792.82570  4.742000E-19
 792.84054  3.153000E-19
 792.85537  1.284000E-19
 792.87021  8.268000E-20
 792.88504  6.123000E-20
 792.89988  4.725000E-20
 792.91471  4.158000E-20
 792.92954  4.780000E-20
 792.94438  4.562000E-20
 792.95921  4.883000E-20
 792.97405  5.128000E-20
 792.98888  6.121000E-20
 793.00372  1.166000E-19
 793.01855  3.313000E-19
 793.03339  4.837000E-19
 793.04822  2.642000E-19
 793.06306  8.635000E-20
 793.07789  6.286000E-20
 793.09272  4.381000E-20
 793.10756  3.529000E-20
 793.12239  3.077000E-20
 793.13723  3.718000E-20
 793.15206  4.067000E-20
 793.16690  5.302000E-20
 793.18173  6.240000E-20
 793.19657  7.554000E-20
 793.21140  1.331000E-19
 793.22623  3.417000E-19
 793.24107  4.215000E-19
 793.25590  2.030000E-19
 793.27074  8.375000E-20
 793.28557  6.937000E-20
 793.30041  5.198000E-20
 793.31524  4.917000E-20
 793.33008  4.528000E-20
 793.34491  4.310000E-20
 793.35975  4.440000E-20
 793.37458  5.419000E-20
 793.38941  5.577000E-20
 793.40425  7.067000E-20
 793.41908  1.794000E-19
 793.43392  4.333000E-19
 793.44875  4.334000E-19
 793.46359  1.766000E-19
 793.47842  7.716000E-20
 793.49326  5.652000E-20
 793.50809  4.090000E-20
 793.52293  3.622000E-20
 793.53776  3.455000E-20
 793.55259  3.733000E-20
 793.56743  4.796000E-20
 793.58226  5.974000E-20
 793.59710  6.216000E-20
 793.61193  9.043000E-20
 793.62677  2.261000E-19
 793.64160  4.202000E-19
 793.65644  3.571000E-19
 793.67127  1.425000E-19
 793.68610  6.755000E-20
 793.70094  5.281000E-20
 793.71577  4.729000E-20
 793.73061  4.527000E-20
 793.74544  4.664000E-20
 793.76028  4.872000E-20
 793.77511  4.995000E-20
 793.78995  5.193000E-20
 793.80478  5.922000E-20
 793.81962  1.209000E-19
 793.83445  2.561000E-19
 793.84928  4.011000E-19
 793.86412  3.186000E-19
 793.87895  1.221000E-19
 793.89379  5.692000E-20
 793.90862  3.966000E-20
 793.92346  3.806000E-20
 793.93829  3.317000E-20
 793.95313  3.433000E-20
 793.96796  4.137000E-20
 793.98279  5.227000E-20
 793.99763  6.504000E-20
 794.01246  1.015000E-19
 794.02730  1.620000E-19
 794.04213  2.513000E-19
 794.05697  3.706000E-19
 794.07180  2.689000E-19
 794.08664  9.921000E-20
 794.10147  5.573000E-20
 794.11631  4.402000E-20
 794.13114  4.584000E-20
 794.14597  4.300000E-20
 794.16081  4.816000E-20
 794.17564  4.668000E-20
 794.19048  5.243000E-20
 794.20531  7.759000E-20
 794.22015  1.283000E-19
 794.23498  1.489000E-19
 794.24982  2.471000E-19
 794.26465  3.661000E-19
 794.27948  2.228000E-19
 794.29432  7.226000E-20
 794.30915  4.109000E-20
 794.32399  3.387000E-20
 794.33882  3.418000E-20
 794.35366  3.384000E-20
 794.36849  3.820000E-20
 794.38333  4.268000E-20
 794.39816  6.795000E-20
 794.41300  1.206000E-19
 794.42783  1.373000E-19
 794.44266  1.298000E-19
 794.45750  2.710000E-19
 794.47233  3.473000E-19
 794.48717  1.751000E-19
 794.50200  5.934000E-20
 794.51684  4.101000E-20
 794.53167  3.563000E-20
 794.54651  4.062000E-20
 794.56134  4.469000E-20
 794.57618  4.680000E-20
 794.59101  5.161000E-20
 794.60584  8.764000E-20
 794.62068  1.177000E-19
 794.63551  8.998000E-20
 794.65035  1.262000E-19
 794.66518  3.036000E-19
 794.68002  3.123000E-19
 794.69485  1.264000E-19
 794.70969  4.378000E-20
 794.72452  3.024000E-20
 794.73935  2.772000E-20
 794.75419  3.011000E-20
 794.76902  3.553000E-20
 794.78386  4.811000E-20
 794.79869  8.329000E-20
 794.81353  1.265000E-19
 794.82836  1.005000E-19
 794.84320  7.357000E-20
 794.85803  1.679000E-19
 794.87287  3.308000E-19
 794.88770  2.580000E-19
 794.90253  8.501000E-20
 794.91737  8.501000E-20
 794.93220  4.463000E-20
 794.94704  4.567000E-20
 794.96187  3.877000E-20
 794.97671  4.325000E-20
 794.99154  6.378000E-20
 795.00638  1.048000E-19
 795.02121  9.161000E-20
 795.03604  5.081000E-20
 795.05088  7.235000E-20
 795.06571  2.123000E-19
 795.08055  3.298000E-19
 795.09538  1.888000E-19
 795.11022  5.556000E-20
 795.12505  3.861000E-20
 795.13989  3.293000E-20
 795.15472  2.777000E-20
 795.16956  2.916000E-20
 795.18439  5.362000E-20
 795.19922  1.022000E-19
 795.21406  1.078000E-19
 795.22889  6.146000E-20
 795.24373  5.196000E-20
 795.25856  1.076000E-19
 795.27340  2.681000E-19
 795.28823  2.970000E-19
 795.30307  1.217000E-19
 795.31790  3.938000E-20
 795.33274  3.934000E-20
 795.34757  3.649000E-20
 795.36240  3.860000E-20
 795.37724  5.508000E-20
 795.39207  9.332000E-20
 795.40691  9.959000E-20
 795.42174  5.443000E-20
 795.43658  3.090000E-20
 795.45141  4.612000E-20
 795.46625  1.407000E-19
 795.48108  2.898000E-19
 795.49591  2.232000E-19
 795.51075  6.662000E-20
 795.52558  2.918000E-20
 795.54042  2.210000E-20
 795.55525  2.290000E-20
 795.57009  3.638000E-20
 795.58492  7.829000E-20
 795.59976  1.035000E-19
 795.61459  7.158000E-20
 795.62943  5.148000E-20
 795.64426  5.391000E-20
 795.65909  8.238000E-20
 795.67393  2.072000E-19
 795.68876  2.953000E-19
 795.70360  1.544000E-19
 795.71843  3.907000E-20
 795.73327  2.726000E-20
 795.74810  2.968000E-20
 795.76294  3.999000E-20
 795.77777  7.454000E-20
 795.79260  1.005000E-19
 795.80744  6.306000E-20
 795.82227  3.510000E-20
 795.83711  3.314000E-20
 795.85194  3.884000E-20
 795.86678  1.000000E-19
 795.88161  2.512000E-19
 795.89645  2.492000E-19
 795.91128  8.927000E-20
 795.92612  2.970000E-20
 795.94095  2.533000E-20
 795.95578  3.071000E-20
 795.97062  6.142000E-20
 795.98545  9.193000E-20
 796.00029  6.598000E-20
 796.01512  3.917000E-20
 796.02996  4.004000E-20
 796.04479  4.220000E-20
 796.05963  6.137000E-20
 796.07446  1.637000E-19
 796.08929  2.715000E-19
 796.10413  1.681000E-19
 796.11896  4.414000E-20
 796.13380  2.497000E-20
 796.14863  3.036000E-20
 796.16347  6.024000E-20
 796.17830  9.070000E-20
 796.19314  7.148000E-20
 796.20797  3.737000E-20
 796.22281  2.962000E-20
 796.23764  2.564000E-20
 796.25247  2.940000E-20
 796.26731  7.978000E-20
 796.28214  2.163000E-19
 796.29698  2.393000E-19
 796.31181  9.586000E-20
 796.32665  3.487000E-20
 796.34148  4.062000E-20
 796.35632  5.889000E-20
 796.37115  7.792000E-20
 796.38599  5.458000E-20
 796.40082  2.621000E-20
 796.41565  2.398000E-20
 796.43049  3.118000E-20
 796.44532  3.640000E-20
 796.46016  5.426000E-20
 796.47499  1.430000E-19
 796.48983  2.458000E-19
 796.50466  1.648000E-19
 796.51950  4.650000E-20
 796.53433  3.260000E-20
 796.54916  5.577000E-20
 796.56400  8.401000E-20
 796.57883  6.410000E-20
 796.59367  3.999000E-20
 796.60850  3.280000E-20
 796.62334  2.847000E-20
 796.63817  2.516000E-20
 796.65301  2.949000E-20
 796.66784  7.075000E-20
 796.68268  1.846000E-19
 796.69751  2.115000E-19
 796.71234  9.059000E-20
 796.72718  3.503000E-20
 796.74201  5.306000E-20
 796.75685  7.524000E-20
 796.77168  5.557000E-20
 796.78652  2.913000E-20
 796.80135  2.442000E-20
 796.81619  2.577000E-20
 796.83102  3.343000E-20
 796.84585  3.811000E-20
 796.86069  5.764000E-20
 796.87552  1.358000E-19
 796.89036  2.257000E-19
 796.90519  1.475000E-19
 796.92003  4.444000E-20
 796.93486  4.824000E-20
 796.94970  7.037000E-20
 796.96453  5.431000E-20
 796.97937  3.293000E-20
 796.99420  3.160000E-20
 797.00903  2.988000E-20
 797.02387  3.200000E-20
 797.03870  3.269000E-20
 797.05354  3.381000E-20
 797.06837  6.871000E-20
 797.08321  1.703000E-19
 797.09804  1.862000E-19
 797.11288  7.918000E-20
 797.12771  5.197000E-20
 797.14255  6.921000E-20
 797.15738  4.783000E-20
 797.17221  2.694000E-20
 797.18705  2.205000E-20
 797.20188  1.922000E-20
 797.21672  2.351000E-20
 797.23155  3.066000E-20
 797.24639  3.560000E-20
 797.26122  5.295000E-20
 797.27606  1.309000E-19
 797.29089  2.062000E-19
 797.30572  1.303000E-19
 797.32056  6.294000E-20
 797.33539  6.533000E-20
 797.35023  4.596000E-20
 797.36506  3.082000E-20
 797.37990  2.786000E-20
 797.39473  2.938000E-20
 797.40957  2.894000E-20
 797.42440  3.060000E-20
 797.43924  3.182000E-20
 797.45407  3.563000E-20
 797.46890  7.484000E-20
 797.48374  1.674000E-19
 797.49857  1.608000E-19
 797.51341  7.841000E-20
 797.52824  5.824000E-20
 797.54308  3.874000E-20
 797.55791  2.511000E-20
 797.57275  2.078000E-20
 797.58758  1.923000E-20
 797.60241  1.836000E-20
 797.61725  1.936000E-20
 797.63208  2.445000E-20
 797.64692  3.507000E-20
 797.66175  5.965000E-20
 797.67659  1.385000E-19
 797.69142  1.880000E-19
 797.70626  1.205000E-19
 797.72109  6.346000E-20
 797.73593  3.564000E-20
 797.75076  2.337000E-20
 797.76559  2.390000E-20
 797.78043  2.636000E-20
 797.79526  2.799000E-20
 797.81010  2.744000E-20
 797.82493  2.755000E-20
 797.83977  2.740000E-20
 797.85460  3.671000E-20
 797.86944  8.976000E-20
 797.88427  1.742000E-19
 797.89911  1.429000E-19
 797.91394  5.767000E-20
 797.92877  2.613000E-20
 797.94361  2.075000E-20
 797.95844  2.299000E-20
 797.97328  2.455000E-20
 797.98811  2.242000E-20
 798.00295  1.715000E-20
 798.01778  1.845000E-20
 798.03262  2.353000E-20
 798.04745  3.099000E-20
 798.06228  6.461000E-20
 798.07712  1.553000E-19
 798.09195  1.763000E-19
 798.10679  7.979000E-20
 798.12162  2.221000E-20
 798.13646  1.333000E-20
 798.15129  1.320000E-20
 798.16613  1.390000E-20
 798.18096  1.498000E-20
 798.19580  1.447000E-20
 798.21063  2.154000E-20
 798.22546  2.699000E-20
 798.24030  2.491000E-20
 798.25513  3.845000E-20
 798.26997  1.123000E-19
 798.28480  1.600000E-19
 798.29964  1.600000E-19
 798.31447  1.532000E-20
 798.32931  1.768000E-20
 798.34414  2.396000E-20
 798.35897  2.903000E-20
 798.37381  2.869000E-20
 798.38864  2.644000E-20
 798.40348  2.392000E-20
 798.41831  2.379000E-20
 798.43315  2.291000E-20
 798.44798  3.245000E-20
 798.46282  9.600000E-20
 798.47765  1.673000E-19
 798.49249  1.102000E-19
 798.50732  3.631000E-20
 798.52215  2.408000E-20
 798.53699  2.105000E-20
 798.55182  2.160000E-20
 798.56666  1.831000E-20
 798.58149  1.454000E-20
 798.59633  1.675000E-20
 798.61116  2.283000E-20
 798.62600  2.392000E-20
 798.64083  3.387000E-20
 798.65566  8.238000E-20
 798.67050  1.479000E-19
 798.68533  1.107000E-19
 798.70017  3.156000E-20
 798.71500  9.935000E-21
 798.72984  1.197000E-20
 798.74467  1.785000E-20
 798.75951  2.059000E-20
 798.77434  2.042000E-20
 798.78918  1.945000E-20
 798.80401  1.979000E-20
 798.81884  1.946000E-20
 798.83368  2.678000E-20
 798.84851  6.031000E-20
 798.86335  1.221000E-19
 798.87818  1.215000E-19
 798.89302  5.595000E-20
 798.90785  2.991000E-20
 798.92269  2.586000E-20
 798.93752  2.169000E-20
 798.95236  2.027000E-20
 798.96719  1.696000E-20
 798.98202  1.395000E-20
 798.99686  1.749000E-20
 799.01169  2.250000E-20
 799.02653  2.963000E-20
 799.04136  5.092000E-20
 799.05620  9.725000E-20
 799.07103  1.132000E-19
 799.08587  4.926000E-20
 799.10070  1.067000E-20
 799.11553  7.505000E-21
 799.13037  6.900000E-21
 799.14520  1.087000E-20
 799.16004  1.414000E-20
 799.17487  1.712000E-20
 799.18971  2.308000E-20
 799.20454  2.486000E-20
 799.21938  2.811000E-20
 799.23421  3.677000E-20
 799.24905  6.715000E-20
 799.26388  1.001000E-19
 799.27871  5.886000E-20
 799.29355  1.990000E-20
 799.30838  1.702000E-20
 799.32322  1.884000E-20
 799.33805  1.878000E-20
 799.35289  1.808000E-20
 799.36772  1.586000E-20
 799.38256  1.275000E-20
 799.39739  1.872000E-20
 799.41222  3.033000E-20
 799.42706  3.244000E-20
 799.44189  5.601000E-20
 799.45673  9.649000E-20
 799.47156  6.358000E-20
 799.48640  1.585000E-20
 799.50123  6.987000E-21
 799.51607  5.362000E-21
 799.53090  5.225000E-21
 799.54574  7.547000E-21
 799.56057  1.303000E-20
 799.57540  1.878000E-20
 799.59024  2.747000E-20
 799.60507  3.183000E-20
 799.61991  2.310000E-20
 799.63474  3.700000E-20
 799.64958  7.794000E-20
 799.66441  5.971000E-20
 799.67925  1.858000E-20
 799.69408  1.399000E-20
 799.70892  1.663000E-20
 799.72375  1.759000E-20
 799.73858  1.754000E-20
 799.75342  1.885000E-20
 799.76825  1.996000E-20
 799.78309  2.693000E-20
 799.79792  2.750000E-20
 799.81276  2.042000E-20
 799.82759  3.795000E-20
 799.84243  8.128000E-20
 799.85726  7.160000E-20
 799.87209  2.690000E-20
 799.88693  2.690000E-20
 799.90176  1.130000E-20
 799.91660  8.584000E-21
 799.93143  2.821000E-21
 799.94627  4.190000E-21
 799.96110  1.521000E-20
 799.97594  2.934000E-20
 799.99077  2.608000E-20
 800.00561  1.843000E-20
 800.02044  3.258000E-20
 800.03527  6.934000E-20
 800.05011  6.502000E-20
 800.06494  2.265000E-20
 800.07978  1.170000E-20
 800.09461  1.528000E-20
 800.10945  1.586000E-20
 800.12428  1.684000E-20
 800.13912  2.205000E-20
 800.15395  2.727000E-20
 800.16878  2.690000E-20
 800.18362  1.495000E-20
 800.19845  7.176000E-21
 800.21329  2.180000E-20
 800.22812  5.870000E-20
 800.24296  5.772000E-20
 800.25779  2.322000E-20
 800.27263  1.233000E-20
 800.28746  9.838000E-21
 800.30230  6.069000E-21
 800.31713  3.633000E-21
 800.33196  8.332000E-21
 800.34680  1.505000E-20
 800.36163  1.352000E-20
 800.37647  7.247000E-21
 800.39130  1.001000E-20
 800.40614  2.635000E-20
 800.42097  6.020000E-20
 800.43581  6.007000E-20
 800.45064  2.172000E-20
 800.46547  7.825000E-21
 800.48031  8.862000E-21
 800.49514  1.100000E-20
 800.50998  1.375000E-20
 800.52481  2.169000E-20
 800.53965  2.798000E-20
 800.55448  2.581000E-20
 800.56932  1.804000E-20
 800.58415  1.091000E-20
 800.59899  1.841000E-20
 800.61382  4.625000E-20
 800.62865  5.087000E-20
 800.64349  1.855000E-20
 800.65832  4.649000E-21
 800.67316  6.759000E-21
 800.68799  9.824000E-21
 800.70283  9.824000E-21
 800.71766  1.468000E-20
 800.73250  1.045000E-20
 800.74733  4.924000E-21
 800.76217  3.142000E-21
 800.77700  6.295000E-21
 800.79183  2.224000E-20
 800.80667  5.224000E-20
 800.82150  5.417000E-20
 800.83634  2.442000E-20
 800.85117  2.442000E-20
 800.86601  5.446000E-21
 800.88084  6.906000E-21
 800.89568  9.653000E-21
 800.91051  1.364000E-20
 800.92534  1.149000E-20
 800.94018  1.345000E-20
 800.95501  1.139000E-20
 800.96985  8.307000E-21
 800.98468  1.832000E-20
 800.99952  4.005000E-20
 801.01435  3.499000E-20
 801.02919  8.468000E-21
 801.04402  7.109000E-22
 801.05886  2.255000E-21
 801.07369  7.823000E-21
 801.08852  1.439000E-20
 801.10336  1.336000E-20
 801.11819  6.365000E-21
 801.13303  3.189000E-21
 801.14786  4.445000E-21
 801.16270  6.831000E-21
 801.17753  1.864000E-20
 801.19237  4.340000E-20
 801.20720  4.334000E-20
 801.22203  1.895000E-20
 801.23687  1.127000E-20
 801.25170  1.578000E-20
 801.26654  1.830000E-20
 801.28137  1.627000E-20
 801.29621  1.174000E-20
 801.31104  7.204000E-21
 801.32588  8.979000E-21
 801.34071  1.161000E-20
 801.35555  1.516000E-20
 801.37038  2.573000E-20
 801.38521  4.310000E-20
 801.40005  3.275000E-20
 801.41488  7.026000E-21
 801.42972  0.000000E+00
 801.44455  6.100000E-22
 801.45939  7.281000E-21
 801.47422  1.008000E-20
 801.48906  1.024000E-20
 801.50389  1.021000E-20
 801.51873  1.048000E-20
 801.53356  8.404000E-21
 801.54839  7.507000E-21
 801.56323  1.793000E-20
 801.57806  3.381000E-20
 801.59290  2.676000E-20
 801.60773  1.347000E-20
 801.62257  1.481000E-20
 801.63740  1.828000E-20
 801.65224  1.678000E-20
 801.66707  1.320000E-20
 801.68190  1.109000E-20
 801.69674  7.854000E-21
 801.71157  6.139000E-21
 801.72641  7.896000E-21
 801.74124  1.463000E-20
 801.75608  2.964000E-20
 801.77091  4.123000E-20
 801.78575  2.649000E-20
 801.80058  8.722000E-21
 801.81542  3.711000E-21
 801.83025  7.034000E-22
 801.84508  0.000000E+00
 801.85992  0.000000E+00
 801.87475  4.114000E-21
 801.88959  5.733000E-21
 801.90442  7.191000E-21
 801.91926  1.004000E-20
 801.93409  1.126000E-20
 801.94893  2.020000E-20
 801.96376  2.580000E-20
 801.97859  1.285000E-20
 801.99343  8.272000E-21
 802.00826  1.296000E-20
 802.02310  1.372000E-20
 802.03793  1.442000E-20
 802.05277  1.529000E-20
 802.06760  1.363000E-20
 802.08244  1.195000E-20
 802.09727  1.195000E-20
 802.11211  9.307000E-21
 802.12694  1.129000E-20
 802.14177  2.517000E-20
 802.15661  3.303000E-20
 802.17144  1.928000E-20
 802.18628  1.208000E-20
 802.20111  9.875000E-21
 802.21595  6.748000E-21
 802.23078  4.764000E-21
 802.24562  1.818000E-21
 802.26045  2.384000E-21
 802.27528  3.613000E-21
 802.29012  5.287000E-21
 802.30495  5.635000E-21
 802.31979  1.378000E-20
 802.33462  2.821000E-20
 802.34946  2.369000E-20
 802.36429  9.641000E-21
 802.37913  2.374000E-21
 802.39396  0.000000E+00
 802.40880  1.411000E-21
 802.42363  5.541000E-21
 802.43846  9.406000E-21
 802.45330  9.613000E-21
 802.46813  1.083000E-20
 802.48297  9.003000E-21
 802.49780  9.453000E-21
 802.51264  1.796000E-20
 802.52747  3.307000E-20
 802.54231  2.913000E-20
 802.55714  1.717000E-20
 802.57198  1.392000E-20
 802.58681  1.579000E-20
 802.60164  1.389000E-20
 802.61648  1.389000E-20
 802.63131  2.733000E-21
 802.64615  0.000000E+00
 802.66098  0.000000E+00
 802.67582  0.000000E+00
 802.69065  1.207000E-21
 802.70549  9.832000E-21
 802.72032  2.113000E-20
 802.73515  1.382000E-20
 802.74999  2.186000E-21
 802.76482  0.000000E+00
 802.77966  8.957999E-22
 802.79449  2.277000E-21
 802.80933  3.166000E-21
 802.82416  8.089000E-21
 802.83900  1.143000E-20
 802.85383  1.196000E-20
 802.86867  1.264000E-20
 802.88350  1.677000E-20
 802.89833  2.667000E-20
 802.91317  2.803000E-20
 802.92800  1.269000E-20
 802.94284  3.913000E-21
 802.95767  4.206000E-21
 802.97251  9.745000E-21
 802.98734  1.494000E-20
 803.00218  1.205000E-20
 803.01701  8.082000E-21
 803.03184  4.531000E-21
 803.04668  6.955000E-22
 803.06151  1.500000E-21
 803.07635  7.633000E-21
 803.09118  1.565000E-20
 803.10602  1.634000E-20
 803.12085  9.628000E-21
 803.13569  7.463000E-21
 803.15052  7.418000E-21
 803.16536  8.156000E-21
 803.18019  7.431000E-21
 803.19502  5.421000E-21
 803.20986  3.244000E-21
 803.22469  3.505000E-21
 803.23953  6.506000E-21
 803.25436  1.203000E-20
 803.26920  2.079000E-20
 803.28403  2.748000E-20
 803.29887  1.805000E-20
 803.31370  7.919000E-21
 803.32854  5.309000E-21
 803.34337  9.931000E-22
 803.35820  0.000000E+00
 803.37304  3.275000E-21
 803.38787  2.853000E-21
 803.40271  2.853000E-21
 803.41754  5.074000E-21
 803.43238  7.517000E-21
 803.44721  8.004000E-21
 803.46205  9.061000E-21
 803.47688  8.524000E-21
 803.49171  2.757000E-21
 803.50655  5.966000E-22
 803.52138  1.686000E-21
 803.53622  4.851000E-21
 803.55105  5.409000E-21
 803.56589  2.779000E-21
 803.58072  0.000000E+00
 803.59556  0.000000E+00
 803.61039  0.000000E+00
 803.62523  8.223000E-24
 803.64006  6.780000E-21
 803.65489  1.622000E-20
 803.66973  1.654000E-20
 803.68456  1.217000E-20
 803.69940  9.685000E-21
 803.71423  6.980000E-21
 803.72907  5.873000E-21
 803.74390  1.674000E-21
 803.75874  3.254000E-22
 803.77357  1.352000E-21
 803.78840  2.646000E-21
 803.80324  5.484000E-21
 803.81807  8.310000E-21
 803.83291  1.228000E-20
 803.84774  1.311000E-20
 803.86258  3.750000E-21
 803.87741  0.000000E+00
 803.89225  0.000000E+00
 803.90708  0.000000E+00
 803.92192  0.000000E+00
 803.93675  6.634000E-21
 803.95158  8.516000E-21
 803.96642  8.778000E-21
 803.98125  8.957000E-21
 803.99609  8.281000E-21
 804.01092  5.800000E-21
 804.02576  9.948000E-21
 804.04059  1.065000E-20
 804.05543  1.065000E-20
 804.07026  9.984000E-21
 804.08509  1.240000E-20
 804.09993  1.240000E-20
 804.11476  1.240000E-20
 804.12960  3.182000E-21
 804.14443  1.248000E-21
 804.15927  1.565000E-21
 804.17410  0.000000E+00
 804.18894  1.784000E-21
 804.20377  9.293000E-21
 804.21861  1.663000E-20
 804.23344  1.372000E-20
 804.24827  6.291000E-21
 804.26311  3.745000E-21
 804.27794  7.183000E-22
 804.29278  0.000000E+00
 804.30761  0.000000E+00
 804.32245  8.646000E-22
 804.33728  4.127000E-21
 804.35212  3.463000E-21
 804.36695  6.680000E-21
 804.38179  9.385000E-21
 804.39662  1.165000E-20
 804.41145  1.000000E-20
 804.42629  4.315000E-21
 804.44112  2.260000E-21
 804.45596  3.076000E-21
 804.47079  4.267000E-21
 804.48563  7.404000E-21
 804.50046  9.708000E-21
 804.51530  7.971000E-21
 804.53013  2.150000E-21
 804.54496  1.570000E-22
 804.55980  2.426000E-21
 804.57463  6.458000E-21
 804.58947  8.083000E-21
 804.60430  6.145000E-21
 804.61914  7.526000E-21
 804.63397  1.097000E-20
 804.64881  1.216000E-20
 804.66364  5.733000E-21
 804.67848  0.000000E+00
 804.69331  0.000000E+00
 804.70814  0.000000E+00
 804.72298  0.000000E+00
 804.73781  0.000000E+00
 804.75265  4.878000E-21
 804.76748  9.920000E-21
 804.78232  8.437000E-21
 804.79715  2.648000E-21
 804.81199  0.000000E+00
 804.82682  0.000000E+00
 804.84165  7.410000E-22
 804.85649  2.756000E-21
 804.87132  3.907000E-21
 804.88616  7.477000E-21
 804.90099  1.182000E-20
 804.91583  1.349000E-20
 804.93066  1.202000E-20
 804.94550  1.113000E-20
 804.96033  8.194000E-21
 804.97517  2.136000E-21
 804.99000  9.423000E-22
