 765.01100  3.784000E-20
 765.02583  6.271000E-20
 765.04067  8.761000E-20
 765.05550  8.131000E-20
 765.07034  7.515000E-20
 765.08517  6.789000E-20
 765.10001  5.255000E-20
 765.11484  4.092000E-20
 765.12968  4.092000E-20
 765.14451  3.498000E-20
 765.15935  3.277000E-20
 765.17418  3.420000E-20
 765.18901  3.283000E-20
 765.20385  2.962000E-20
 765.21868  3.301000E-20
 765.23352  3.741000E-20
 765.24835  4.245000E-20
 765.26319  5.179000E-20
 765.27802  8.039000E-20
 765.29286  9.678000E-20
 765.30769  8.715000E-20
 765.32252  7.131000E-20
 765.33736  5.001000E-20
 765.35219  4.082000E-20
 765.36703  3.706000E-20
 765.38186  3.413000E-20
 765.39670  3.410000E-20
 765.41153  3.449000E-20
 765.42637  3.060000E-20
 765.44120  2.743000E-20
 765.45604  2.935000E-20
 765.47087  3.299000E-20
 765.48570  3.694000E-20
 765.50054  4.327000E-20
 765.51537  6.812000E-20
 765.53021  1.071000E-19
 765.54504  1.134000E-19
 765.55988  8.828000E-20
 765.57471  5.538000E-20
 765.58955  3.750000E-20
 765.60438  3.024000E-20
 765.61921  2.628000E-20
 765.63405  2.450000E-20
 765.64888  2.511000E-20
 765.66372  2.846000E-20
 765.67855  2.721000E-20
 765.69339  2.291000E-20
 765.70822  2.379000E-20
 765.72306  3.148000E-20
 765.73789  3.721000E-20
 765.75273  4.768000E-20
 765.76756  8.706000E-20
 765.78239  1.314000E-19
 765.79723  1.237000E-19
 765.81206  8.393000E-20
 765.82690  5.278000E-20
 765.84173  3.993000E-20
 765.85657  3.398000E-20
 765.87140  2.728000E-20
 765.88624  2.524000E-20
 765.90107  3.354000E-20
 765.91591  3.862000E-20
 765.93074  3.755000E-20
 765.94557  3.471000E-20
 765.96041  3.829000E-20
 765.97524  4.024000E-20
 765.99008  4.025000E-20
 766.00491  6.160000E-20
 766.01975  1.210000E-19
 766.03458  1.468000E-19
 766.04942  1.031000E-19
 766.06425  6.230000E-20
 766.07908  4.481000E-20
 766.09392  3.407000E-20
 766.10875  2.580000E-20
 766.12359  2.210000E-20
 766.13842  2.427000E-20
 766.15326  2.427000E-20
 766.16809  3.374000E-20
 766.18293  2.987000E-20
 766.19776  3.051000E-20
 766.21260  4.170000E-20
 766.22743  4.390000E-20
 766.24226  4.367000E-20
 766.25710  9.217000E-20
 766.27193  1.565000E-19
 766.28677  1.329000E-19
 766.30160  7.567000E-20
 766.31644  5.382000E-20
 766.33127  4.661000E-20
 766.34611  3.817000E-20
 766.36094  3.149000E-20
 766.37577  2.926000E-20
 766.39061  3.240000E-20
 766.40544  3.632000E-20
 766.42028  3.502000E-20
 766.43511  3.614000E-20
 766.44995  4.273000E-20
 766.46478  5.058000E-20
 766.47962  5.877000E-20
 766.49445  9.342000E-20
 766.50929  1.594000E-19
 766.52412  1.653000E-19
 766.53895  1.024000E-19
 766.55379  6.094000E-20
 766.56862  4.371000E-20
 766.58346  3.694000E-20
 766.59829  3.215000E-20
 766.61313  2.979000E-20
 766.62796  3.065000E-20
 766.64280  3.380000E-20
 766.65763  3.008000E-20
 766.67246  2.783000E-20
 766.68730  3.233000E-20
 766.70213  4.059000E-20
 766.71697  4.867000E-20
 766.73180  7.717000E-20
 766.74664  1.416000E-19
 766.76147  1.855000E-19
 766.77631  1.445000E-19
 766.79114  8.613000E-20
 766.80598  6.051000E-20
 766.82081  4.681000E-20
 766.83564  3.236000E-20
 766.85048  2.933000E-20
 766.86531  3.255000E-20
 766.88015  3.654000E-20
 766.89498  3.760000E-20
 766.90982  3.197000E-20
 766.92465  2.696000E-20
 766.93949  2.772000E-20
 766.95432  3.599000E-20
 766.96916  6.035000E-20
 766.98399  1.098000E-19
 766.99882  1.642000E-19
 767.01366  1.660000E-19
 767.02849  1.123000E-19
 767.04333  6.859000E-20
 767.05816  4.646000E-20
 767.07300  3.838000E-20
 767.08783  3.664000E-20
 767.10267  3.611000E-20
 767.11750  4.305000E-20
 767.13233  5.186000E-20
 767.14717  4.968000E-20
 767.16200  4.428000E-20
 767.17684  4.551000E-20
 767.19167  5.081000E-20
 767.20651  6.299000E-20
 767.22134  9.411000E-20
 767.23618  1.334000E-19
 767.25101  1.699000E-19
 767.26585  1.426000E-19
 767.28068  8.439000E-20
 767.29551  5.519000E-20
 767.31035  4.142000E-20
 767.32518  3.358000E-20
 767.34002  2.845000E-20
 767.35485  3.241000E-20
 767.36969  4.558000E-20
 767.38452  4.551000E-20
 767.39936  3.920000E-20
 767.41419  4.115000E-20
 767.42902  5.106000E-20
 767.44386  7.115000E-20
 767.45869  1.000000E-19
 767.47353  1.182000E-19
 767.48836  1.566000E-19
 767.50320  1.715000E-19
 767.51803  1.183000E-19
 767.53287  7.243000E-20
 767.54770  5.153000E-20
 767.56254  4.079000E-20
 767.57737  3.519000E-20
 767.59220  3.712000E-20
 767.60704  4.511000E-20
 767.62187  4.759000E-20
 767.63671  4.043000E-20
 767.65154  3.547000E-20
 767.66638  4.265000E-20
 767.68121  7.228000E-20
 767.69605  1.019000E-19
 767.71088  9.970000E-20
 767.72572  1.209000E-19
 767.74055  1.724000E-19
 767.75538  1.410000E-19
 767.77022  8.367000E-20
 767.78505  5.998000E-20
 767.79989  4.837000E-20
 767.81472  4.531000E-20
 767.82956  4.656000E-20
 767.84439  5.682000E-20
 767.85923  6.237000E-20
 767.87406  5.240000E-20
 767.88889  4.652000E-20
 767.90373  5.439000E-20
 767.91856  8.331000E-20
 767.93340  1.143000E-19
 767.94823  1.032000E-19
 767.96307  1.088000E-19
 767.97790  1.749000E-19
 767.99274  1.806000E-19
 768.00757  1.116000E-19
 768.02241  6.217000E-20
 768.03724  3.899000E-20
 768.05207  2.992000E-20
 768.06691  3.305000E-20
 768.08174  4.722000E-20
 768.09658  5.614000E-20
 768.11141  5.429000E-20
 768.12625  4.854000E-20
 768.14108  5.132000E-20
 768.15592  8.119000E-20
 768.17075  1.178000E-19
 768.18558  1.021000E-19
 768.20042  8.697000E-20
 768.21525  1.439000E-19
 768.23009  1.992000E-19
 768.24492  1.511000E-19
 768.25976  8.729000E-20
 768.27459  5.472000E-20
 768.28943  3.829000E-20
 768.30426  3.494000E-20
 768.31910  4.482000E-20
 768.33393  5.644000E-20
 768.34876  5.587000E-20
 768.36360  4.778000E-20
 768.37843  4.902000E-20
 768.39327  8.166000E-20
 768.40810  1.182000E-19
 768.42294  9.664000E-20
 768.43777  6.899000E-20
 768.45261  1.049000E-19
 768.46744  1.863000E-19
 768.48227  1.810000E-19
 768.49711  1.124000E-19
 768.51194  7.311000E-20
 768.52678  5.140000E-20
 768.54161  5.140000E-20
 768.55645  5.027000E-20
 768.57128  6.075000E-20
 768.58612  5.824000E-20
 768.60095  4.981000E-20
 768.61579  5.464000E-20
 768.63062  9.068000E-20
 768.64545  1.270000E-19
 768.66029  1.066000E-19
 768.67512  7.258000E-20
 768.68996  8.456000E-20
 768.70479  1.645000E-19
 768.71963  2.046000E-19
 768.73446  1.356000E-19
 768.74930  7.901000E-20
 768.76413  5.844000E-20
 768.77897  5.270000E-20
 768.79380  5.177000E-20
 768.80863  6.036000E-20
 768.82347  5.604000E-20
 768.83830  4.646000E-20
 768.85314  5.182000E-20
 768.86797  8.970000E-20
 768.88281  1.177000E-19
 768.89764  9.820000E-20
 768.91248  7.405000E-20
 768.92731  7.508000E-20
 768.94214  1.375000E-19
 768.95698  2.177000E-19
 768.97181  1.764000E-19
 768.98665  1.017000E-19
 769.00148  6.298000E-20
 769.01632  4.985000E-20
 769.03115  5.167000E-20
 769.04599  6.317000E-20
 769.06082  6.608000E-20
 769.07566  5.558000E-20
 769.09049  5.632000E-20
 769.10532  9.969000E-20
 769.12016  1.209000E-19
 769.13499  9.165000E-20
 769.14983  7.096000E-20
 769.16466  7.029000E-20
 769.17950  1.178000E-19
 769.19433  2.208000E-19
 769.20917  2.218000E-19
 769.22400  1.339000E-19
 769.23883  7.897000E-20
 769.25367  5.861000E-20
 769.26850  5.531000E-20
 769.28334  5.988000E-20
 769.29817  6.782000E-20
 769.31301  6.398000E-20
 769.32784  7.221000E-20
 769.34268  1.151000E-19
 769.35751  1.229000E-19
 769.37235  9.103000E-20
 769.38718  6.853000E-20
 769.40201  5.654000E-20
 769.41685  8.451000E-20
 769.43168  1.855000E-19
 769.44652  2.400000E-19
 769.46135  1.665000E-19
 769.47619  9.787000E-20
 769.49102  6.972000E-20
 769.50586  5.990000E-20
 769.52069  6.147000E-20
 769.53553  6.937000E-20
 769.55036  6.754000E-20
 769.56519  8.773000E-20
 769.58003  1.280000E-19
 769.59486  1.205000E-19
 769.60970  8.975000E-20
 769.62453  7.278000E-20
 769.63937  5.917000E-20
 769.65420  7.075000E-20
 769.66904  1.555000E-19
 769.68387  2.424000E-19
 769.69870  1.861000E-19
 769.71354  1.028000E-19
 769.72837  7.100000E-20
 769.74321  6.116000E-20
 769.75804  6.019000E-20
 769.77288  6.666000E-20
 769.78771  6.661000E-20
 769.80255  9.256000E-20
 769.81738  1.273000E-19
 769.83222  1.084000E-19
 769.84705  8.130000E-20
 769.86188  7.516000E-20
 769.87672  7.102000E-20
 769.89155  7.818000E-20
 769.90639  1.442000E-19
 769.92122  2.552000E-19
 769.93606  2.291000E-19
 769.95089  1.295000E-19
 769.96573  8.142000E-20
 769.98056  6.713000E-20
 769.99539  6.517000E-20
 770.01023  7.280000E-20
 770.02506  8.282000E-20
 770.03990  1.163000E-19
 770.05473  1.315000E-19
 770.06957  8.894000E-20
 770.08440  6.009000E-20
 770.09924  6.078000E-20
 770.11407  5.719000E-20
 770.12891  5.967000E-20
 770.14374  1.161000E-19
 770.15857  2.403000E-19
 770.17341  2.584000E-19
 770.18824  1.569000E-19
 770.20308  9.231000E-20
 770.21791  6.997000E-20
 770.23275  6.002000E-20
 770.24758  6.794000E-20
 770.26242  9.598000E-20
 770.27725  1.410000E-19
 770.29208  1.424000E-19
 770.30692  9.290000E-20
 770.32175  6.789000E-20
 770.33659  6.651000E-20
 770.35142  6.470000E-20
 770.36626  6.218000E-20
 770.38109  6.218000E-20
 770.39593  2.215000E-19
 770.41076  2.858000E-19
 770.42560  1.916000E-19
 770.44043  1.047000E-19
 770.45526  6.797000E-20
 770.47010  5.012000E-20
 770.48493  5.488000E-20
 770.49977  9.467000E-20
 770.51460  1.426000E-19
 770.52944  1.260000E-19
 770.54427  7.594000E-20
 770.55911  6.326000E-20
 770.57394  7.301000E-20
 770.58878  7.460000E-20
 770.60361  6.886000E-20
 770.61844  9.258000E-20
 770.63328  2.000000E-19
 770.64811  2.980000E-19
 770.66295  2.236000E-19
 770.67778  1.252000E-19
 770.69262  8.515000E-20
 770.70745  6.701000E-20
 770.72229  7.722000E-20
 770.73712  1.299000E-19
 770.75195  1.630000E-19
 770.76679  1.092000E-19
 770.78162  4.977000E-20
 770.79646  4.659000E-20
 770.81129  6.568000E-20
 770.82613  7.258000E-20
 770.84096  7.162000E-20
 770.85580  8.775000E-20
 770.87063  1.803000E-19
 770.88547  3.037000E-19
 770.90030  2.544000E-19
 770.91513  1.411000E-19
 770.92997  9.013000E-20
 770.94480  7.073000E-20
 770.95964  9.128000E-20
 770.97447  1.547000E-19
 770.98931  1.640000E-19
 771.00414  9.097000E-20
 771.01898  4.531000E-20
 771.03381  4.695000E-20
 771.04864  6.313000E-20
 771.06348  6.979000E-20
 771.07831  6.790000E-20
 771.09315  7.884000E-20
 771.10798  1.647000E-19
 771.12282  3.090000E-19
 771.13765  2.862000E-19
 771.15249  1.549000E-19
 771.16732  8.274000E-20
 771.18216  6.042000E-20
 771.19699  1.028000E-19
 771.21182  1.776000E-19
 771.22666  1.573000E-19
 771.24149  7.740000E-20
 771.25633  4.818000E-20
 771.27116  5.476000E-20
 771.28600  6.168000E-20
 771.30083  6.533000E-20
 771.31567  6.726000E-20
 771.33050  7.418000E-20
 771.34534  1.478000E-19
 771.36017  3.053000E-19
 771.37500  3.213000E-19
 771.38984  1.792000E-19
 771.40467  8.510000E-20
 771.41951  6.648000E-20
 771.43434  1.250000E-19
 771.44918  1.805000E-19
 771.46401  1.263000E-19
 771.47885  6.066000E-20
 771.49368  5.019000E-20
 771.50851  5.678000E-20
 771.52335  6.871000E-20
 771.53818  7.300000E-20
 771.55302  7.034000E-20
 771.56785  7.401000E-20
 771.58269  1.367000E-19
 771.59752  2.910000E-19
 771.61236  3.315000E-19
 771.62719  1.916000E-19
 771.64203  9.796000E-20
 771.65686  9.422000E-20
 771.67169  1.659000E-19
 771.68653  1.876000E-19
 771.70136  1.065000E-19
 771.71620  5.110000E-20
 771.73103  4.182000E-20
 771.74587  4.715000E-20
 771.76070  6.293000E-20
 771.77554  7.664000E-20
 771.79037  7.938000E-20
 771.80520  8.409000E-20
 771.82004  1.328000E-19
 771.83487  2.785000E-19
 771.84971  3.370000E-19
 771.86454  2.012000E-19
 771.87938  1.027000E-19
 771.89421  1.167000E-19
 771.90905  1.889000E-19
 771.92388  1.676000E-19
 771.93872  8.541000E-20
 771.95355  5.241000E-20
 771.96838  4.785000E-20
 771.98322  5.387000E-20
 771.99805  6.641000E-20
 772.01289  7.800000E-20
 772.02772  7.967000E-20
 772.04256  8.662000E-20
 772.05739  1.328000E-19
 772.07223  2.814000E-19
 772.08706  3.530000E-19
 772.10189  2.099000E-19
 772.11673  1.026000E-19
 772.13156  1.356000E-19
 772.14640  1.851000E-19
 772.16123  1.306000E-19
 772.17607  6.611000E-20
 772.19090  4.519000E-20
 772.20574  4.155000E-20
 772.22057  5.208000E-20
 772.23541  6.875000E-20
 772.25024  7.970000E-20
 772.26507  8.130000E-20
 772.27991  9.057000E-20
 772.29474  1.343000E-19
 772.30958  2.787000E-19
 772.32441  3.580000E-19
 772.33925  2.271000E-19
 772.35408  1.433000E-19
 772.36892  1.836000E-19
 772.38375  1.741000E-19
 772.39859  9.970000E-20
 772.41342  5.370000E-20
 772.42825  4.432000E-20
 772.44309  4.139000E-20
 772.45792  4.970000E-20
 772.47276  6.687000E-20
 772.48759  7.975000E-20
 772.50243  8.373000E-20
 772.51726  8.373000E-20
 772.53210  1.225000E-19
 772.54693  2.699000E-19
 772.56176  3.615000E-19
 772.57660  2.441000E-19
 772.59143  1.808000E-19
 772.60627  1.937000E-19
 772.62110  1.402000E-19
 772.63594  8.280000E-20
 772.65077  5.307000E-20
 772.66561  4.527000E-20
 772.68044  4.088000E-20
 772.69528  5.158000E-20
 772.71011  7.410000E-20
 772.72494  9.477000E-20
 772.73978  9.909000E-20
 772.75461  9.575000E-20
 772.76945  1.276000E-19
 772.78428  2.738000E-19
 772.79912  3.696000E-19
 772.81395  2.664000E-19
 772.82879  2.019000E-19
 772.84362  1.587000E-19
 772.85845  9.507000E-20
 772.87329  7.113000E-20
 772.88812  5.020000E-20
 772.90296  4.230000E-20
 772.91779  3.900000E-20
 772.93263  5.134000E-20
 772.94746  6.895000E-20
 772.96230  8.562000E-20
 772.97713  8.776000E-20
 772.99197  9.144000E-20
 773.00680  1.317000E-19
 773.02163  2.820000E-19
 773.03647  3.931000E-19
 773.05130  3.178000E-19
 773.06614  2.167000E-19
 773.08097  1.251000E-19
 773.09581  8.498000E-20
 773.11064  7.063000E-20
 773.12548  4.982000E-20
 773.14031  4.550000E-20
 773.15515  4.417000E-20
 773.16998  5.669000E-20
 773.18481  7.495000E-20
 773.19965  9.029000E-20
 773.21448  8.982000E-20
 773.22932  8.920000E-20
 773.24415  1.239000E-19
 773.25899  2.856000E-19
 773.27382  4.287000E-19
 773.28866  3.510000E-19
 773.30349  1.878000E-19
 773.31832  9.313000E-20
 773.33316  7.929000E-20
 773.34799  6.140000E-20
 773.36283  4.195000E-20
 773.37766  4.162000E-20
 773.39250  4.854000E-20
 773.40733  6.563000E-20
 773.42217  8.664000E-20
 773.43700  9.961000E-20
 773.45184  9.682000E-20
 773.46667  8.993000E-20
 773.48150  1.281000E-19
 773.49634  3.139000E-19
 773.51117  4.765000E-19
 773.52601  3.370000E-19
 773.54084  1.321000E-19
 773.55568  7.570000E-20
 773.57051  8.100000E-20
 773.58535  6.466000E-20
 773.60018  4.464000E-20
 773.61501  3.949000E-20
 773.62985  4.793000E-20
 773.64468  7.016000E-20
 773.65952  9.003000E-20
 773.67435  1.008000E-19
 773.68919  9.390000E-20
 773.70402  8.563000E-20
 773.71886  1.396000E-19
 773.73369  3.580000E-19
 773.74853  4.840000E-19
 773.76336  2.583000E-19
 773.77819  7.970000E-20
 773.79303  6.367000E-20
 773.80786  6.726000E-20
 773.82270  5.126000E-20
 773.83753  4.350000E-20
 773.85237  4.663000E-20
 773.86720  5.472000E-20
 773.88204  7.303000E-20
 773.89687  9.218000E-20
 773.91171  1.026000E-19
 773.92654  9.668000E-20
 773.94137  9.195000E-20
 773.95621  1.730000E-19
 773.97104  4.102000E-19
 773.98588  4.439000E-19
 774.00071  1.919000E-19
 774.01555  7.214000E-20
 774.03038  7.052000E-20
 774.04522  6.236000E-20
 774.06005  4.347000E-20
 774.07488  3.932000E-20
 774.08972  4.532000E-20
 774.10455  5.584000E-20
 774.11939  7.422000E-20
 774.13422  8.929000E-20
 774.14906  8.801000E-20
 774.16389  7.974000E-20
 774.17873  9.335000E-20
 774.19356  2.262000E-19
 774.20840  4.621000E-19
 774.22323  3.943000E-19
 774.23806  1.472000E-19
 774.25290  7.221000E-20
 774.26773  7.527000E-20
 774.28257  5.878000E-20
 774.29740  4.119000E-20
 774.31224  4.170000E-20
 774.32707  4.768000E-20
 774.34191  6.319000E-20
 774.35674  8.375000E-20
 774.37157  8.375000E-20
 774.38641  1.007000E-19
 774.40124  9.409000E-20
 774.41608  1.329000E-19
 774.43091  2.996000E-19
 774.44575  4.562000E-19
 774.46058  3.232000E-19
 774.47542  1.181000E-19
 774.49025  7.478000E-20
 774.50509  7.676000E-20
 774.51992  5.636000E-20
 774.53475  4.066000E-20
 774.54959  4.132000E-20
 774.56442  4.742000E-20
 774.57926  6.089000E-20
 774.59409  7.797000E-20
 774.60893  9.372000E-20
 774.62376  9.986000E-20
 774.63860  1.119000E-19
 774.65343  1.886000E-19
 774.66826  3.307000E-19
 774.68310  4.165000E-19
 774.69793  2.735000E-19
 774.71277  1.033000E-19
 774.72760  8.235000E-20
 774.74244  7.956000E-20
 774.75727  5.928000E-20
 774.77211  5.133000E-20
 774.78694  5.725000E-20
 774.80178  6.043000E-20
 774.81661  7.054000E-20
 774.83144  8.288000E-20
 774.84628  9.096000E-20
 774.86111  9.866000E-20
 774.87595  1.401000E-19
 774.89078  2.065000E-19
 774.90562  2.979000E-19
 774.92045  3.735000E-19
 774.93529  2.267000E-19
 774.95012  8.576000E-20
 774.96496  7.393000E-20
 774.97979  5.807000E-20
 774.99462  4.572000E-20
 775.00946  5.028000E-20
 775.02429  5.923000E-20
 775.03913  6.622000E-20
 775.05396  8.410000E-20
 775.06880  9.891000E-20
 775.08363  1.100000E-19
 775.09847  1.326000E-19
 775.11330  1.790000E-19
 775.12813  1.930000E-19
 775.14297  2.918000E-19
 775.15780  3.534000E-19
 775.17264  1.815000E-19
 775.18747  8.166000E-20
 775.20231  7.165000E-20
 775.21714  7.165000E-20
 775.23198  4.146000E-20
 775.24681  4.002000E-20
 775.26165  4.273000E-20
 775.27648  4.999000E-20
 775.29131  6.907000E-20
 775.30615  9.006000E-20
 775.32098  1.182000E-19
 775.33582  1.658000E-19
 775.35065  1.626000E-19
 775.36549  1.552000E-19
 775.38032  3.058000E-19
 775.39516  3.168000E-19
 775.40999  1.392000E-19
 775.42482  7.573000E-20
 775.43966  6.496000E-20
 775.45449  5.333000E-20
 775.46933  5.373000E-20
 775.48416  5.350000E-20
 775.49900  5.370000E-20
 775.51383  6.260000E-20
 775.52867  8.160000E-20
 775.54350  1.054000E-19
 775.55834  1.556000E-19
 775.57317  1.760000E-19
 775.58800  1.173000E-19
 775.60284  1.697000E-19
 775.61767  3.395000E-19
 775.63251  2.743000E-19
 775.64734  1.030000E-19
 775.66218  6.202000E-20
 775.67701  4.656000E-20
 775.69185  4.270000E-20
 775.70668  5.041000E-20
 775.72152  5.709000E-20
 775.73635  5.763000E-20
 775.75118  7.439000E-20
 775.76602  1.011000E-19
 775.78085  1.421000E-19
 775.79569  1.756000E-19
 775.81052  1.225000E-19
 775.82536  8.644000E-20
 775.84019  2.147000E-19
 775.85503  3.473000E-19
 775.86986  2.215000E-19
 775.88469  9.169000E-20
 775.89953  6.690000E-20
 775.91436  4.681000E-20
 775.92920  4.530000E-20
 775.94403  4.544000E-20
 775.95887  5.019000E-20
 775.97370  5.938000E-20
 775.98854  8.619000E-20
 776.00337  1.269000E-19
 776.01821  1.799000E-19
 776.03304  1.445000E-19
 776.04787  7.709000E-20
 776.06271  1.050000E-19
 776.07754  2.663000E-19
 776.09238  3.249000E-19
 776.10721  1.600000E-19
 776.12205  7.655000E-20
 776.13688  6.287000E-20
 776.15172  5.135000E-20
 776.16655  5.014000E-20
 776.18138  4.892000E-20
 776.19622  4.566000E-20
 776.21105  5.631000E-20
 776.22589  5.631000E-20
 776.24072  1.602000E-19
 776.25556  1.593000E-19
 776.27039  9.044000E-20
 776.28523  6.917000E-20
 776.30006  1.436000E-19
 776.31490  3.113000E-19
 776.32973  2.794000E-19
 776.34456  1.166000E-19
 776.35940  6.557000E-20
 776.37423  5.264000E-20
 776.38907  4.850000E-20
 776.40390  4.735000E-20
 776.41874  5.171000E-20
 776.43357  5.754000E-20
 776.44841  8.385000E-20
 776.46324  1.431000E-19
 776.47807  1.593000E-19
 776.49291  9.537000E-20
 776.50774  5.657000E-20
 776.52258  7.003000E-20
 776.53741  1.931000E-19
 776.55225  3.210000E-19
 776.56708  2.086000E-19
 776.58192  8.040000E-20
 776.59675  5.281000E-20
 776.61159  4.210000E-20
 776.62642  4.141000E-20
 776.64125  4.293000E-20
 776.65609  4.995000E-20
 776.67092  6.786000E-20
 776.68576  1.318000E-19
 776.70059  1.680000E-19
 776.71543  1.163000E-19
 776.73026  6.606000E-20
 776.74510  5.683000E-20
 776.75993  9.673000E-20
 776.77477  2.462000E-19
 776.78960  2.974000E-19
 776.80443  1.531000E-19
 776.81927  7.696000E-20
 776.83410  6.199000E-20
 776.84894  5.424000E-20
 776.86377  5.284000E-20
 776.87861  4.624000E-20
 776.89344  4.852000E-20
 776.90828  9.736000E-20
 776.92311  1.499000E-19
 776.93794  1.181000E-19
 776.95278  7.728000E-20
 776.96761  6.148000E-20
 776.98245  6.392000E-20
 776.99728  1.475000E-19
 777.01212  2.968000E-19
 777.02695  2.446000E-19
 777.04179  9.872000E-20
 777.05662  5.851000E-20
 777.07146  5.406000E-20
 777.08629  5.868000E-20
 777.10112  6.098000E-20
 777.11596  6.686000E-20
 777.13079  9.915000E-20
 777.14563  1.488000E-19
 777.16046  1.271000E-19
 777.17530  8.514000E-20
 777.19013  6.944000E-20
 777.20497  6.334000E-20
 777.21980  8.481000E-20
 777.23463  2.006000E-19
 777.24947  2.896000E-19
 777.26430  1.672000E-19
 777.27914  5.844000E-20
 777.29397  3.253000E-20
 777.30881  2.824000E-20
 777.32364  3.553000E-20
 777.33848  4.108000E-20
 777.35331  7.269000E-20
 777.36815  1.251000E-19
 777.38298  1.139000E-19
 777.39781  7.739000E-20
 777.41265  6.668000E-20
 777.42748  5.366000E-20
 777.44232  5.552000E-20
 777.45715  1.152000E-19
 777.47199  2.604000E-19
 777.48682  2.567000E-19
 777.50166  1.125000E-19
 777.51649  5.233000E-20
 777.53133  4.286000E-20
 777.54616  4.103000E-20
 777.56099  3.680000E-20
 777.57583  5.844000E-20
 777.59066  1.059000E-19
 777.60550  1.033000E-19
 777.62033  7.493000E-20
 777.63517  6.934000E-20
 777.65000  5.783000E-20
 777.66484  4.877000E-20
 777.67967  6.088000E-20
 777.69450  1.598000E-19
 777.70934  2.673000E-19
 777.72417  1.740000E-19
 777.73901  5.990000E-20
 777.75384  4.181000E-20
 777.76868  4.203000E-20
 777.78351  4.235000E-20
 777.79835  6.171000E-20
 777.81318  1.027000E-19
 777.82802  9.666000E-20
 777.84285  7.317000E-20
 777.85768  7.082000E-20
 777.87252  6.835000E-20
 777.88735  5.900000E-20
 777.90219  5.679000E-20
 777.91702  1.044000E-19
 777.93186  2.370000E-19
 777.94669  2.506000E-19
 777.96153  1.070000E-19
 777.97636  4.593000E-20
 777.99119  3.977000E-20
 778.00603  3.776000E-20
 778.02086  5.317000E-20
 778.03570  9.005000E-20
 778.05053  8.535000E-20
 778.06537  6.279000E-20
 778.08020  6.455000E-20
 778.09504  6.351000E-20
 778.10987  5.428000E-20
 778.12471  4.375000E-20
 778.13954  5.764000E-20
 778.15437  1.581000E-19
 778.16921  2.678000E-19
 778.18404  1.815000E-19
 778.19888  7.253000E-20
 778.21371  5.432000E-20
 778.22855  5.228000E-20
 778.24338  6.694000E-20
 778.25822  9.496000E-20
 778.27305  8.799000E-20
 778.28788  6.731000E-20
 778.30272  7.982000E-20
 778.31755  8.645000E-20
 778.33239  8.151000E-20
 778.34722  6.784000E-20
 778.36206  6.300000E-20
 778.37689  1.018000E-19
 778.39173  2.174000E-19
 778.40656  2.223000E-19
 778.42140  9.494000E-20
 778.43623  4.094000E-20
 778.45106  3.949000E-20
 778.46590  5.805000E-20
 778.48073  8.643000E-20
 778.49557  7.672000E-20
 778.51040  4.798000E-20
 778.52524  5.152000E-20
 778.54007  6.163000E-20
 778.55491  5.803000E-20
 778.56974  5.306000E-20
 778.58458  5.338000E-20
 778.59941  6.601000E-20
 778.61424  1.503000E-19
 778.62908  2.288000E-19
 778.64391  1.361000E-19
 778.65875  3.977000E-20
 778.67358  3.170000E-20
 778.68842  5.105000E-20
 778.70325  8.098000E-20
 778.71809  7.351000E-20
 778.73292  5.332000E-20
 778.74775  5.359000E-20
 778.76259  6.368000E-20
 778.77742  6.595000E-20
 778.79226  5.698000E-20
 778.80709  4.639000E-20
 778.82193  4.549000E-20
 778.83676  9.250000E-20
 778.85160  2.000000E-19
 778.86643  1.881000E-19
 778.88127  7.636000E-20
 778.89610  4.171000E-20
 778.91093  4.994000E-20
 778.92577  7.254000E-20
 778.94060  6.233000E-20
 778.95544  3.882000E-20
 778.97027  3.997000E-20
 778.98511  5.846000E-20
 778.99994  7.071000E-20
 779.01478  6.475000E-20
 779.02961  5.626000E-20
 779.04444  5.286000E-20
 779.05928  6.958000E-20
 779.07411  1.542000E-19
 779.08895  2.064000E-19
 779.10378  1.169000E-19
 779.11862  5.899000E-20
 779.13345  7.015000E-20
 779.14829  8.868000E-20
 779.16312  7.240000E-20
 779.17796  4.853000E-20
 779.19279  4.605000E-20
 779.20762  5.146000E-20
 779.22246  6.419000E-20
 779.23729  6.910000E-20
 779.25213  6.801000E-20
 779.26696  6.226000E-20
 779.28180  6.417000E-20
 779.29663  1.131000E-19
 779.31147  1.922000E-19
 779.32630  1.418000E-19
 779.34114  5.614000E-20
 779.35597  5.733000E-20
 779.37080  7.105000E-20
 779.38564  5.976000E-20
 779.40047  4.833000E-20
 779.41531  5.377000E-20
 779.43014  5.676000E-20
 779.44498  6.590000E-20
 779.45981  7.123000E-20
 779.47465  6.893000E-20
 779.48948  6.671000E-20
 779.50431  7.183000E-20
 779.51915  9.740000E-20
 779.53398  1.762000E-19
 779.54882  1.873000E-19
 779.56365  1.021000E-19
 779.57849  7.674000E-20
 779.59332  8.122000E-20
 779.60816  6.321000E-20
 779.62299  5.075000E-20
 779.63783  4.996000E-20
 779.65266  5.455000E-20
 779.66749  6.344000E-20
 779.68233  7.196000E-20
 779.69716  7.329000E-20
 779.71200  6.740000E-20
 779.72683  6.167000E-20
 779.74167  6.901000E-20
 779.75650  1.269000E-19
 779.77134  1.805000E-19
 779.78617  1.252000E-19
 779.80100  8.715000E-20
 779.81584  9.610000E-20
 779.83067  8.539000E-20
 779.84551  7.678000E-20
 779.86034  7.848000E-20
 779.87518  8.172000E-20
 779.89001  8.646000E-20
 779.90485  9.807000E-20
 779.91968  1.056000E-19
 779.93452  1.042000E-19
 779.94935  1.002000E-19
 779.96418  1.020000E-19
 779.97902  1.368000E-19
 779.99385  1.974000E-19
 780.00869  1.696000E-19
 780.02352  1.141000E-19
 780.03836  1.041000E-19
 780.05319  9.093000E-20
 780.06803  8.869000E-20
 780.08286  9.197000E-20
 780.09769  9.958000E-20
 780.11253  1.072000E-19
 780.12736  1.113000E-19
 780.14220  1.057000E-19
 780.15703  9.533000E-20
 780.17187  8.789000E-20
 780.18670  8.905000E-20
 780.20154  1.140000E-19
 780.21637  1.769000E-19
 780.23121  1.878000E-19
 780.24604  1.311000E-19
 780.26087  9.978000E-20
 780.27571  8.418000E-20
 780.29054  8.074000E-20
 780.30538  8.347000E-20
 780.32021  8.982000E-20
 780.33505  9.744000E-20
 780.34988  1.082000E-19
 780.36472  1.145000E-19
 780.37955  1.129000E-19
 780.39439  1.073000E-19
 780.40922  1.045000E-19
 780.42405  1.165000E-19
 780.43889  1.618000E-19
 780.45372  1.949000E-19
 780.46856  1.607000E-19
 780.48339  1.288000E-19
 780.49823  1.217000E-19
 780.51306  1.206000E-19
 780.52790  1.242000E-19
 780.54273  1.259000E-19
 780.55756  1.276000E-19
 780.57240  1.321000E-19
 780.58723  1.371000E-19
 780.60207  1.357000E-19
 780.61690  1.306000E-19
 780.63174  1.263000E-19
 780.64657  1.316000E-19
 780.66141  1.624000E-19
 780.67624  1.973000E-19
 780.69108  1.675000E-19
 780.70591  1.186000E-19
 780.72074  1.052000E-19
 780.73558  1.071000E-19
 780.75041  1.120000E-19
 780.76525  1.161000E-19
 780.78008  1.206000E-19
 780.79492  1.307000E-19
 780.80975  1.430000E-19
 780.82459  1.440000E-19
 780.83942  1.401000E-19
 780.85425  1.434000E-19
 780.86909  1.527000E-19
 780.88392  1.839000E-19
 780.89876  2.400000E-19
 780.91359  2.442000E-19
 780.92843  2.014000E-19
 780.94326  1.894000E-19
 780.95810  1.955000E-19
 780.97293  2.050000E-19
 780.98777  2.157000E-19
 781.00260  2.267000E-19
 781.01743  2.404000E-19
 781.03227  2.552000E-19
 781.04710  2.682000E-19
 781.06194  2.776000E-19
 781.07677  2.815000E-19
 781.09161  2.836000E-19
 781.10644  2.958000E-19
 781.12128  3.259000E-19
 781.13611  3.103000E-19
 781.15095  2.534000E-19
 781.16578  2.362000E-19
 781.18061  2.376000E-19
 781.19545  2.349000E-19
 781.21028  2.249000E-19
 781.22512  2.069000E-19
 781.23995  1.871000E-19
 781.25479  1.755000E-19
 781.26962  1.750000E-19
 781.28446  1.807000E-19
 781.29929  1.880000E-19
 781.31412  1.921000E-19
 781.32896  1.955000E-19
 781.34379  2.142000E-19
 781.35863  2.093000E-19
 781.37346  1.621000E-19
 781.38830  1.444000E-19
 781.40313  1.547000E-19
 781.41797  1.631000E-19
 781.43280  1.676000E-19
 781.44764  1.743000E-19
 781.46247  1.860000E-19
 781.47730  1.968000E-19
 781.49214  2.014000E-19
 781.50697  2.008000E-19
 781.52181  2.062000E-19
 781.53664  2.230000E-19
 781.55148  2.422000E-19
 781.56631  2.664000E-19
 781.58115  2.888000E-19
 781.59598  2.778000E-19
 781.61081  2.663000E-19
 781.62565  2.754000E-19
 781.64048  2.843000E-19
 781.65532  2.909000E-19
 781.67015  2.999000E-19
 781.68499  3.079000E-19
 781.69982  3.137000E-19
 781.71466  3.213000E-19
 781.72949  3.270000E-19
 781.74433  3.305000E-19
 781.75916  3.275000E-19
 781.77399  3.128000E-19
 781.78883  3.147000E-19
 781.80366  3.440000E-19
 781.81850  3.523000E-19
 781.83333  3.477000E-19
 781.84817  3.613000E-19
 781.86300  3.791000E-19
 781.87784  3.955000E-19
 781.89267  4.125000E-19
 781.90751  4.293000E-19
 781.92234  4.476000E-19
 781.93717  4.712000E-19
 781.95201  4.932000E-19
 781.96684  5.192000E-19
 781.98168  5.539000E-19
 781.99651  6.045000E-19
 782.01135  6.380000E-19
 782.02618  6.384000E-19
 782.04102  6.297000E-19
 782.05585  6.328000E-19
 782.07068  6.510000E-19
 782.08552  6.718000E-19
 782.10035  6.939000E-19
 782.11519  7.109000E-19
 782.13002  7.224000E-19
 782.14486  7.299000E-19
 782.15969  7.189000E-19
 782.17453  6.920000E-19
 782.18936  6.589000E-19
 782.20420  5.991000E-19
 782.21903  4.999000E-19
 782.23386  4.243000E-19
 782.24870  3.711000E-19
 782.26353  3.105000E-19
 782.27837  2.767000E-19
 782.29320  2.716000E-19
 782.30804  2.668000E-19
 782.32287  2.546000E-19
 782.33771  2.389000E-19
 782.35254  2.247000E-19
 782.36737  2.229000E-19
 782.38221  2.417000E-19
 782.39704  2.475000E-19
 782.41188  2.242000E-19
 782.42671  1.950000E-19
 782.44155  1.734000E-19
 782.45638  1.631000E-19
 782.47122  1.673000E-19
 782.48605  1.677000E-19
 782.50089  1.549000E-19
 782.51572  1.537000E-19
 782.53055  1.770000E-19
 782.54539  1.956000E-19
 782.56022  1.941000E-19
 782.57506  1.849000E-19
 782.58989  1.887000E-19
 782.60473  1.998000E-19
 782.61956  2.116000E-19
 782.63440  2.308000E-19
 782.64923  2.509000E-19
 782.66406  2.682000E-19
 782.67890  2.830000E-19
 782.69373  2.854000E-19
 782.70857  2.788000E-19
 782.72340  2.777000E-19
 782.73824  2.856000E-19
 782.75307  2.954000E-19
 782.76791  3.045000E-19
 782.78274  3.157000E-19
 782.79758  3.323000E-19
 782.81241  3.464000E-19
 782.82724  3.518000E-19
 782.84208  3.629000E-19
 782.85691  3.787000E-19
 782.87175  3.906000E-19
 782.88658  4.058000E-19
 782.90142  4.324000E-19
 782.91625  4.636000E-19
 782.93109  4.947000E-19
 782.94592  5.255000E-19
 782.96076  5.550000E-19
 782.97559  5.806000E-19
 782.99042  6.068000E-19
 783.00526  6.304000E-19
 783.02009  6.578000E-19
 783.03493  6.883000E-19
 783.04976  7.184000E-19
 783.06460  7.487000E-19
 783.07943  7.730000E-19
 783.09427  8.945000E-19
 783.10910  9.271000E-19
 783.12393  9.560000E-19
 783.13877  9.939000E-19
 783.15360  1.033000E-18
 783.16844  1.078000E-18
 783.18327  1.130000E-18
 783.19811  1.169000E-18
 783.21294  1.192000E-18
 783.22778  1.223000E-18
 783.24261  1.262000E-18
 783.25745  1.278000E-18
 783.27228  1.269000E-18
 783.28711  1.242000E-18
 783.30195  1.207000E-18
 783.31678  1.141000E-18
 783.33162  1.032000E-18
 783.34645  8.701000E-19
 783.36129  5.355000E-19
 783.37612  2.467000E-19
 783.39096  1.169000E-19
 783.40579  1.169000E-19
 783.42062  8.717000E-20
 783.43546  8.616000E-20
 783.45029  8.997000E-20
 783.46513  9.513000E-20
 783.47996  1.029000E-19
 783.49480  1.097000E-19
 783.50963  1.125000E-19
 783.52447  1.094000E-19
 783.53930  1.025000E-19
 783.55414  1.026000E-19
 783.56897  1.046000E-19
 783.58380  1.101000E-19
 783.59864  1.101000E-19
 783.61347  1.178000E-19
 783.62831  1.180000E-19
 783.64314  1.168000E-19
 783.65798  1.183000E-19
 783.67281  1.198000E-19
 783.68765  1.207000E-19
 783.70248  1.268000E-19
 783.71732  1.359000E-19
 783.73215  1.364000E-19
 783.74698  1.345000E-19
 783.76182  1.459000E-19
 783.77665  1.600000E-19
 783.79149  1.722000E-19
 783.80632  1.747000E-19
 783.82116  1.485000E-19
 783.83599  8.330000E-20
 783.85083  3.148000E-20
 783.86566  2.118000E-20
 783.88049  2.679000E-20
 783.89533  3.202000E-20
 783.91016  3.569000E-20
 783.92500  4.281000E-20
 783.93983  4.813000E-20
 783.95467  3.735000E-20
 783.96950  2.878000E-20
 783.98434  3.030000E-20
 783.99917  2.822000E-20
 784.01401  3.026000E-20
 784.02884  4.142000E-20
 784.04367  4.278000E-20
 784.05851  3.507000E-20
 784.07334  3.248000E-20
 784.08818  2.971000E-20
 784.10301  2.685000E-20
 784.11785  2.502000E-20
 784.13268  2.502000E-20
 784.14752  4.704000E-20
 784.16235  4.481000E-20
 784.17718  3.156000E-20
 784.19202  3.001000E-20
 784.20685  3.215000E-20
 784.22169  3.045000E-20
 784.23652  3.508000E-20
 784.25136  4.664000E-20
 784.26619  4.706000E-20
 784.28103  3.661000E-20
 784.29586  3.171000E-20
 784.31070  3.262000E-20
 784.32553  3.239000E-20
 784.34036  3.782000E-20
 784.35520  5.392000E-20
 784.37003  6.012000E-20
 784.38487  4.289000E-20
 784.39970  3.174000E-20
 784.41454  3.450000E-20
 784.42937  3.690000E-20
 784.44421  3.566000E-20
 784.45904  4.267000E-20
 784.47387  5.115000E-20
 784.48871  3.878000E-20
 784.50354  2.118000E-20
 784.51838  1.893000E-20
 784.53321  1.893000E-20
 784.54805  2.392000E-20
 784.56288  3.882000E-20
 784.57772  5.814000E-20
 784.59255  5.426000E-20
 784.60739  3.806000E-20
 784.62222  3.302000E-20
 784.63705  3.552000E-20
 784.65189  3.539000E-20
 784.66672  3.753000E-20
 784.68156  4.490000E-20
 784.69639  5.627000E-20
 784.71123  5.043000E-20
 784.72606  3.598000E-20
 784.74090  3.098000E-20
 784.75573  3.260000E-20
 784.77057  3.872000E-20
 784.78540  5.876000E-20
 784.80023  5.876000E-20
 784.81507  4.206000E-20
 784.82990  2.805000E-20
 784.84474  3.162000E-20
 784.85957  4.061000E-20
 784.87441  3.963000E-20
 784.88924  3.963000E-20
 784.90408  4.067000E-20
 784.91891  5.520000E-20
 784.93374  3.826000E-20
 784.94858  2.105000E-20
 784.96341  1.873000E-20
 784.97825  2.817000E-20
 784.99308  5.926000E-20
 785.00792  8.389000E-20
 785.02275  6.559000E-20
 785.03759  4.223000E-20
 785.05242  3.722000E-20
 785.06726  4.407000E-20
 785.08209  4.951000E-20
 785.09692  4.334000E-20
 785.11176  4.298000E-20
 785.12659  6.756000E-20
 785.14143  7.817000E-20
 785.15626  4.974000E-20
 785.17110  3.058000E-20
 785.18593  2.624000E-20
 785.20077  3.672000E-20
 785.21560  6.296000E-20
 785.23043  6.335000E-20
 785.24527  4.299000E-20
 785.26010  3.819000E-20
 785.27494  4.598000E-20
 785.28977  5.752000E-20
 785.30461  5.193000E-20
 785.31944  3.629000E-20
 785.33428  4.105000E-20
 785.34911  7.051000E-20
 785.36395  7.542000E-20
 785.37878  4.262000E-20
 785.39361  3.092000E-20
 785.40845  4.426000E-20
 785.42328  7.898000E-20
 785.43812  8.986000E-20
 785.45295  6.225000E-20
 785.46779  4.611000E-20
 785.48262  4.480000E-20
 785.49746  5.705000E-20
 785.51229  6.239000E-20
 785.52713  4.697000E-20
 785.54196  3.890000E-20
 785.55679  5.671000E-20
 785.57163  9.102000E-20
 785.58646  7.960000E-20
 785.60130  3.771000E-20
 785.61613  3.162000E-20
 785.63097  6.097000E-20
 785.64580  8.841000E-20
 785.66064  7.365000E-20
 785.67547  5.913000E-20
 785.69030  5.543000E-20
 785.70514  6.167000E-20
 785.71997  6.648000E-20
 785.73481  5.356000E-20
 785.74964  3.665000E-20
 785.76448  3.956000E-20
 785.77931  6.964000E-20
 785.79415  1.035000E-19
 785.80898  7.617000E-20
 785.82382  4.237000E-20
 785.83865  6.190000E-20
 785.85348  9.249000E-20
 785.86832  8.394000E-20
 785.88315  6.487000E-20
 785.89799  5.820000E-20
 785.91282  5.604000E-20
 785.92766  6.321000E-20
 785.94249  6.616000E-20
 785.95733  5.508000E-20
 785.97216  4.678000E-20
 785.98699  5.536000E-20
 786.00183  9.293000E-20
 786.01666  1.110000E-19
 786.03150  6.521000E-20
 786.04633  4.995000E-20
 786.06117  8.481000E-20
 786.07600  9.252000E-20
 786.09084  7.498000E-20
 786.10567  6.919000E-20
 786.12051  6.563000E-20
 786.13534  6.331000E-20
 786.15017  6.168000E-20
 786.16501  5.867000E-20
 786.17984  4.641000E-20
 786.19468  4.419000E-20
 786.20951  6.546000E-20
 786.22435  1.155000E-19
 786.23918  1.154000E-19
 786.25402  6.879000E-20
 786.26885  8.277000E-20
 786.28368  9.363000E-20
 786.29852  7.657000E-20
 786.31335  7.646000E-20
 786.32819  7.809000E-20
 786.34302  7.107000E-20
 786.35786  6.866000E-20
 786.37269  7.438000E-20
 786.38753  6.522000E-20
 786.40236  5.201000E-20
 786.41720  5.398000E-20
 786.43203  8.305000E-20
 786.44686  1.291000E-19
 786.46170  1.127000E-19
 786.47653  9.823000E-20
 786.49137  1.108000E-19
 786.50620  8.816000E-20
 786.52104  7.905000E-20
 786.53587  7.833000E-20
 786.55071  6.634000E-20
 786.56554  5.026000E-20
 786.58038  5.405000E-20
 786.59521  5.628000E-20
 786.61004  5.062000E-20
 786.62488  5.269000E-20
 786.63971  6.084000E-20
 786.65455  1.070000E-19
 786.66938  1.539000E-19
 786.68422  1.334000E-19
 786.69905  1.145000E-19
 786.71389  9.283000E-20
 786.72872  8.600000E-20
 786.74355  9.157000E-20
 786.75839  8.734000E-20
 786.77322  7.232000E-20
 786.78806  7.226000E-20
 786.80289  7.905000E-20
 786.81773  6.742000E-20
 786.83256  5.532000E-20
 786.84740  4.639000E-20
 786.86223  6.580000E-20
 786.87707  1.425000E-19
 786.89190  1.830000E-19
 786.90673  1.446000E-19
 786.92157  1.000000E-19
 786.93640  8.426000E-20
 786.95124  8.815000E-20
 786.96607  7.634000E-20
 786.98091  5.922000E-20
 786.99574  5.414000E-20
 787.01058  6.765000E-20
 787.02541  7.158000E-20
 787.04024  6.446000E-20
 787.05508  5.423000E-20
 787.06991  5.358000E-20
 787.08475  1.031000E-19
 787.09958  2.014000E-19
 787.11442  1.979000E-19
 787.12925  1.135000E-19
 787.14409  8.586000E-20
 787.15892  9.652000E-20
 787.17376  9.262000E-20
 787.18859  7.889000E-20
 787.20342  7.052000E-20
 787.21826  7.573000E-20
 787.23309  7.436000E-20
 787.24793  5.540000E-20
 787.26276  4.220000E-20
 787.27760  3.747000E-20
 787.29243  6.107000E-20
 787.30727  1.733000E-19
 787.32210  2.604000E-19
 787.33694  1.611000E-19
 787.35177  8.495000E-20
 787.36660  9.274000E-20
 787.38144  8.906000E-20
 787.39627  7.015000E-20
 787.41111  6.380000E-20
 787.42594  7.507000E-20
 787.44078  9.442000E-20
 787.45561  8.906000E-20
 787.47045  6.983000E-20
 787.48528  5.504000E-20
 787.50011  5.316000E-20
 787.51495  1.196000E-19
 787.52978  2.417000E-19
 787.54462  2.106000E-19
 787.55945  1.111000E-19
 787.57429  1.060000E-19
 787.58912  1.030000E-19
 787.60396  8.832000E-20
 787.61879  6.977000E-20
 787.63363  6.839000E-20
 787.64846  8.060000E-20
 787.66329  8.026000E-20
 787.67813  5.426000E-20
 787.69296  4.390000E-20
 787.70780  4.834000E-20
 787.72263  1.038000E-19
 787.73747  2.392000E-19
 787.75230  2.821000E-19
 787.76714  1.591000E-19
 787.78197  1.039000E-19
 787.79680  9.581000E-20
 787.81164  8.712000E-20
 787.82647  7.556000E-20
 787.84131  7.447000E-20
 787.85614  9.056000E-20
 787.87098  1.037000E-19
 787.88581  8.088000E-20
 787.90065  6.104000E-20
 787.91548  5.269000E-20
 787.93032  8.016000E-20
 787.94515  1.811000E-19
 787.95998  2.766000E-19
 787.97482  2.185000E-19
 787.98965  1.214000E-19
 788.00449  9.427000E-20
 788.01932  8.634000E-20
 788.03416  7.989000E-20
 788.04899  7.318000E-20
 788.06383  8.051000E-20
 788.07866  9.226000E-20
 788.09349  7.826000E-20
 788.10833  5.376000E-20
 788.12316  5.239000E-20
 788.13800  8.440000E-20
 788.15283  1.614000E-19
 788.16767  2.396000E-19
 788.18250  2.624000E-19
 788.19734  1.669000E-19
 788.21217  9.428000E-20
 788.22701  8.427000E-20
 788.24184  7.845000E-20
 788.25667  7.530000E-20
 788.27151  8.421000E-20
 788.28634  1.022000E-19
 788.30118  9.670000E-20
 788.31601  6.651000E-20
 788.33085  5.767000E-20
 788.34568  8.681000E-20
 788.36052  1.498000E-19
 788.37535  1.909000E-19
 788.39019  2.593000E-19
 788.40502  2.353000E-19
 788.41985  1.255000E-19
 788.43469  9.441000E-20
 788.44952  8.609000E-20
 788.46436  7.742000E-20
 788.47919  7.396000E-20
 788.49403  9.057000E-20
 788.50886  9.574000E-20
 788.52370  7.550000E-20
 788.53853  6.938000E-20
 788.55336  1.010000E-19
 788.56820  1.505000E-19
 788.58303  1.547000E-19
 788.59787  2.160000E-19
 788.61270  2.746000E-19
 788.62754  1.656000E-19
 788.64237  9.752000E-20
 788.65721  9.522000E-20
 788.67204  9.262000E-20
 788.68688  8.609000E-20
 788.70171  9.367000E-20
 788.71654  1.046000E-19
 788.73138  8.369000E-20
 788.74621  6.578000E-20
 788.76105  1.021000E-19
 788.77588  1.538000E-19
 788.79072  1.386000E-19
 788.80555  1.741000E-19
 788.82039  2.897000E-19
 788.83522  2.384000E-19
 788.85005  1.201000E-19
 788.86489  9.342000E-20
 788.87972  8.667000E-20
 788.89456  7.641000E-20
 788.90939  7.773000E-20
 788.92423  9.576000E-20
 788.93906  8.775000E-20
 788.95390  8.053000E-20
 788.96873  1.196000E-19
 788.98357  1.638000E-19
 788.99840  1.282000E-19
 789.01323  1.239000E-19
 789.02807  2.409000E-19
 789.04290  2.788000E-19
 789.05774  1.532000E-19
 789.07257  1.036000E-19
 789.08741  1.066000E-19
 789.10224  9.968000E-20
 789.11708  9.229000E-20
 789.13191  1.077000E-19
 789.14675  1.021000E-19
 789.16158  8.933000E-20
 789.17641  1.301000E-19
 789.19125  1.738000E-19
 789.20608  1.282000E-19
 789.22092  1.042000E-19
 789.23575  1.993000E-19
 789.25059  3.080000E-19
 789.26542  2.126000E-19
 789.28026  1.093000E-19
 789.29509  9.848000E-20
 789.30992  8.924000E-20
 789.32476  7.752000E-20
 789.33959  9.194000E-20
 789.35443  9.942000E-20
 789.36926  9.399000E-20
 789.38410  1.378000E-19
 789.39893  1.704000E-19
 789.41377  1.129000E-19
 789.42860  7.145000E-20
 789.44344  1.380000E-19
 789.45827  2.916000E-19
 789.47310  2.790000E-19
 789.48794  1.420000E-19
 789.50277  1.100000E-19
 789.51761  1.083000E-19
 789.53244  9.989000E-20
 789.54728  1.027000E-19
 789.56211  1.108000E-19
 789.57695  1.063000E-19
 789.59178  1.517000E-19
 789.60661  1.680000E-19
 789.62145  1.088000E-19
 789.63628  7.411000E-20
 789.65112  1.096000E-19
 789.66595  2.497000E-19
 789.68079  3.167000E-19
 789.69562  1.753000E-19
 789.71046  9.797000E-20
 789.72529  8.896000E-20
 789.74013  8.535000E-20
 789.75496  9.421000E-20
 789.76979  1.134000E-19
 789.78463  1.217000E-19
 789.79946  1.714000E-19
 789.81430  1.622000E-19
 789.82913  9.107000E-20
 789.84397  6.215000E-20
 789.85880  8.709000E-20
 789.87364  2.074000E-19
 789.88847  3.439000E-19
 789.90331  2.435000E-19
 789.91814  1.276000E-19
 789.93297  1.089000E-19
 789.94781  1.035000E-19
 789.96264  1.044000E-19
 789.97748  1.173000E-19
 789.99231  1.370000E-19
 790.00715  1.805000E-19
 790.02198  1.484000E-19
 790.03682  8.368000E-20
 790.05165  6.316000E-20
 790.06648  6.994000E-20
 790.08132  1.567000E-19
 790.09615  3.236000E-19
 790.11099  2.821000E-19
 790.12582  1.268000E-19
 790.14066  9.017000E-20
 790.15549  9.291000E-20
 790.17033  1.078000E-19
 790.18516  1.329000E-19
 790.20000  1.671000E-19
 790.21483  1.945000E-19
 790.22966  1.348000E-19
 790.24450  7.239000E-20
 790.25933  6.443000E-20
 790.27417  6.939000E-20
 790.28900  1.361000E-19
 790.30384  3.136000E-19
 790.31867  3.486000E-19
 790.33351  1.760000E-19
 790.34834  9.796000E-20
 790.36317  8.949000E-20
 790.37801  1.003000E-19
 790.39284  1.304000E-19
 790.40768  1.782000E-19
 790.42251  1.817000E-19
 790.43735  1.107000E-19
 790.45218  6.598000E-20
 790.46702  5.775000E-20
 790.48185  5.596000E-20
 790.49669  1.030000E-19
 790.51152  2.660000E-19
 790.52635  3.638000E-19
 790.54119  2.065000E-19
 790.55602  1.038000E-19
 790.57086  9.791000E-20
 790.58569  1.143000E-19
 790.60053  1.545000E-19
 790.61536  1.976000E-19
 790.63020  1.629000E-19
 790.64503  9.364000E-20
 790.65986  6.870000E-20
 790.67470  5.773000E-20
 790.68953  5.540000E-20
 790.70437  9.488000E-20
 790.71920  2.378000E-19
 790.73404  3.822000E-19
 790.74887  2.648000E-19
 790.76371  1.327000E-19
 790.77854  1.079000E-19
 790.79338  1.131000E-19
 790.80821  1.681000E-19
 790.82304  2.117000E-19
 790.83788  1.468000E-19
 790.85271  7.836000E-20
 790.86755  6.373000E-20
 790.88238  5.865000E-20
 790.89722  5.936000E-20
 790.91205  8.212000E-20
 790.92689  1.939000E-19
 790.94172  3.675000E-19
 790.95656  3.009000E-19
 790.97139  1.423000E-19
 790.98622  1.076000E-19
 791.00106  1.266000E-19
 791.01589  2.004000E-19
 791.03073  2.182000E-19
 791.04556  1.264000E-19
 791.06040  6.897000E-20
 791.07523  5.753000E-20
 791.09007  5.222000E-20
 791.10490  5.828000E-20
 791.11973  8.103000E-20
 791.13457  1.791000E-19
 791.14940  3.635000E-19
 791.16424  3.350000E-19
 791.17907  1.571000E-19
 791.19391  1.063000E-19
 791.20874  1.385000E-19
 791.22358  2.137000E-19
 791.23841  1.944000E-19
 791.25325  1.047000E-19
 791.26808  7.126000E-20
 791.28291  6.623000E-20
 791.29775  6.209000E-20
 791.31258  6.287000E-20
 791.32742  7.616000E-20
 791.34225  1.496000E-19
 791.35709  3.351000E-19
 791.37192  3.588000E-19
 791.38676  1.784000E-19
 791.40159  1.125000E-19
 791.41642  1.610000E-19
 791.43126  2.155000E-19
 791.44609  1.506000E-19
 791.46093  7.528000E-20
 791.47576  5.741000E-20
 791.49060  5.371000E-20
 791.50543  5.925000E-20
 791.52027  6.797000E-20
 791.53510  8.481000E-20
 791.54994  1.519000E-19
 791.56477  3.362000E-19
 791.57960  3.860000E-19
 791.59444  2.017000E-19
 791.60927  1.290000E-19
 791.62411  1.844000E-19
 791.63894  2.012000E-19
 791.65378  1.235000E-19
 791.66861  7.257000E-20
 791.68345  6.445000E-20
 791.69828  6.210000E-20
 791.71312  5.924000E-20
 791.72795  5.743000E-20
 791.74278  6.906000E-20
 791.75762  1.212000E-19
 791.77245  2.983000E-19
 791.78729  3.857000E-19
 791.80212  2.251000E-19
 791.81696  1.626000E-19
 791.83179  2.120000E-19
 791.84663  1.806000E-19
 791.86146  9.860000E-20
 791.87629  6.462000E-20
 791.89113  6.081000E-20
 791.90596  6.557000E-20
 791.92080  7.227000E-20
 791.93563  7.855000E-20
 791.95047  9.163000E-20
 791.96530  1.404000E-19
 791.98014  3.093000E-19
 791.99497  4.041000E-19
 792.00981  2.493000E-19
 792.02464  1.801000E-19
 792.03947  2.025000E-19
 792.05431  1.414000E-19
 792.06914  7.857000E-20
 792.08398  5.905000E-20
 792.09881  5.541000E-20
 792.11365  5.463000E-20
 792.12848  5.963000E-20
 792.14332  6.447000E-20
 792.15815  7.755000E-20
 792.17298  1.246000E-19
 792.18782  2.864000E-19
 792.20265  4.060000E-19
 792.21749  2.796000E-19
 792.23232  2.063000E-19
 792.24716  1.897000E-19
 792.26199  1.182000E-19
 792.27683  7.526000E-20
 792.29166  6.137000E-20
 792.30650  6.128000E-20
 792.32133  5.767000E-20
 792.33616  6.757000E-20
 792.35100  8.276000E-20
 792.36583  9.949000E-20
 792.38067  1.342000E-19
 792.39550  2.905000E-19
 792.41034  4.146000E-19
 792.42517  2.957000E-19
 792.44001  1.974000E-19
 792.45484  1.521000E-19
 792.46967  9.243000E-20
 792.48451  6.323000E-20
 792.49934  5.393000E-20
 792.51418  5.594000E-20
 792.52901  5.322000E-20
 792.54385  6.141000E-20
 792.55868  6.900000E-20
 792.57352  8.444000E-20
 792.58835  1.296000E-19
 792.60319  3.029000E-19
 792.61802  4.436000E-19
 792.63285  3.311000E-19
 792.64769  1.947000E-19
 792.66252  1.365000E-19
 792.67736  9.496000E-20
 792.69219  6.984000E-20
 792.70703  6.099000E-20
 792.72186  6.097000E-20
 792.73670  5.901000E-20
 792.75153  6.687000E-20
 792.76637  7.814000E-20
 792.78120  9.208000E-20
 792.79603  1.344000E-19
 792.81087  3.075000E-19
 792.82570  4.584000E-19
 792.84054  3.179000E-19
 792.85537  1.484000E-19
 792.87021  1.049000E-19
 792.88504  7.529000E-20
 792.89988  5.807000E-20
 792.91471  5.258000E-20
 792.92954  5.646000E-20
 792.94438  5.702000E-20
 792.95921  6.217000E-20
 792.97405  6.878000E-20
 792.98888  8.665000E-20
 793.00372  1.402000E-19
 793.01855  3.355000E-19
 793.03339  4.804000E-19
 793.04822  2.889000E-19
 793.06306  1.294000E-19
 793.07789  9.907000E-20
 793.09272  6.771000E-20
 793.10756  5.440000E-20
 793.12239  5.278000E-20
 793.13723  6.028000E-20
 793.15206  6.418000E-20
 793.16690  7.470000E-20
 793.18173  8.411000E-20
 793.19657  9.804000E-20
 793.21140  1.542000E-19
 793.22623  3.458000E-19
 793.24107  4.162000E-19
 793.25590  2.150000E-19
 793.27074  1.059000E-19
 793.28557  9.018000E-20
 793.30041  7.025000E-20
 793.31524  6.205000E-20
 793.33008  5.815000E-20
 793.34491  6.054000E-20
 793.35975  6.245000E-20
 793.37458  7.262000E-20
 793.38941  7.564000E-20
 793.40425  8.752000E-20
 793.41908  1.887000E-19
 793.43392  4.275000E-19
 793.44875  4.322000E-19
 793.46359  2.003000E-19
 793.47842  1.053000E-19
 793.49326  7.777000E-20
 793.50809  5.807000E-20
 793.52293  5.372000E-20
 793.53776  5.541000E-20
 793.55259  6.319000E-20
 793.56743  7.226000E-20
 793.58226  8.182000E-20
 793.59710  8.451000E-20
 793.61193  1.116000E-19
 793.62677  2.397000E-19
 793.64160  4.210000E-19
 793.65644  3.628000E-19
 793.67127  1.638000E-19
 793.68610  9.098000E-20
 793.70094  6.839000E-20
 793.71577  6.058000E-20
 793.73061  6.140000E-20
 793.74544  6.176000E-20
 793.76028  6.613000E-20
 793.77511  6.938000E-20
 793.78995  7.159000E-20
 793.80478  8.211000E-20
 793.81962  1.420000E-19
 793.83445  2.671000E-19
 793.84928  3.996000E-19
 793.86412  3.266000E-19
 793.87895  1.514000E-19
 793.89379  8.582000E-20
 793.90862  6.286000E-20
 793.92346  5.784000E-20
 793.93829  5.359000E-20
 793.95313  5.919000E-20
 793.96796  6.999000E-20
 793.98279  7.735000E-20
 793.99763  8.462000E-20
 794.01246  1.218000E-19
 794.02730  1.798000E-19
 794.04213  2.617000E-19
 794.05697  3.733000E-19
 794.07180  2.860000E-19
 794.08664  1.211000E-19
 794.10147  6.783000E-20
 794.11631  5.352000E-20
 794.13114  5.608000E-20
 794.14597  5.310000E-20
 794.16081  5.894000E-20
 794.17564  5.684000E-20
 794.19048  6.183000E-20
 794.20531  8.835000E-20
 794.22015  1.385000E-19
 794.23498  1.596000E-19
 794.24982  2.521000E-19
 794.26465  3.721000E-19
 794.27948  2.536000E-19
 794.29432  1.110000E-19
 794.30915  7.129000E-20
 794.32399  6.301000E-20
 794.33882  6.309000E-20
 794.35366  5.996000E-20
 794.36849  6.632000E-20
 794.38333  7.064000E-20
 794.39816  8.693000E-20
 794.41300  1.334000E-19
 794.42783  1.540000E-19
 794.44266  1.452000E-19
 794.45750  2.722000E-19
 794.47233  3.495000E-19
 794.48717  1.894000E-19
 794.50200  7.208000E-20
 794.51684  5.278000E-20
 794.53167  5.100000E-20
 794.54651  5.553000E-20
 794.56134  5.500000E-20
 794.57618  5.520000E-20
 794.59101  6.527000E-20
 794.60584  1.086000E-19
 794.62068  1.390000E-19
 794.63551  1.099000E-19
 794.65035  1.421000E-19
 794.66518  3.115000E-19
 794.68002  3.306000E-19
 794.69485  1.550000E-19
 794.70969  6.940000E-20
 794.72452  5.599000E-20
 794.73935  5.273000E-20
 794.75419  5.398000E-20
 794.76902  5.632000E-20
 794.78386  6.618000E-20
 794.79869  1.005000E-19
 794.81353  1.432000E-19
 794.82836  1.210000E-19
 794.84320  9.686000E-20
 794.85803  1.816000E-19
 794.87287  3.337000E-19
 794.88770  2.693000E-19
 794.90253  9.878000E-20
 794.91737  5.617000E-20
 794.93220  5.590000E-20
 794.94704  5.785000E-20
 794.96187  5.243000E-20
 794.97671  5.911000E-20
 794.99154  8.191000E-20
 795.00638  1.227000E-19
 795.02121  1.078000E-19
 795.03604  6.623000E-20
 795.05088  9.130000E-20
 795.06571  2.317000E-19
 795.08055  3.519000E-19
 795.09538  2.193000E-19
 795.11022  8.040000E-20
 795.12505  5.990000E-20
 795.13989  5.352000E-20
 795.15472  4.558000E-20
 795.16956  4.752000E-20
 795.18439  7.363000E-20
 795.19922  1.186000E-19
 795.21406  1.190000E-19
 795.22889  7.109000E-20
 795.24373  6.328000E-20
 795.25856  1.184000E-19
 795.27340  2.758000E-19
 795.28823  3.081000E-19
 795.30307  1.345000E-19
 795.31790  5.178000E-20
 795.33274  4.831000E-20
 795.34757  4.423000E-20
 795.36240  5.005000E-20
 795.37724  7.016000E-20
 795.39207  1.145000E-19
 795.40691  1.229000E-19
 795.42174  7.551000E-20
 795.43658  5.299000E-20
 795.45141  6.740000E-20
 795.46625  1.610000E-19
 795.48108  3.179000E-19
 795.49591  2.556000E-19
 795.51075  9.189000E-20
 795.52558  4.994000E-20
 795.54042  4.178000E-20
 795.55525  4.005000E-20
 795.57009  5.069000E-20
 795.58492  9.626000E-20
 795.59976  1.191000E-19
 795.61459  8.279000E-20
 795.62943  6.227000E-20
 795.64426  6.530000E-20
 795.65909  9.124000E-20
 795.67393  2.140000E-19
 795.68876  3.059000E-19
 795.70360  1.665000E-19
 795.71843  4.756000E-20
 795.73327  3.574000E-20
 795.74810  3.746000E-20
 795.76294  4.998000E-20
 795.77777  8.910000E-20
 795.79260  1.189000E-19
 795.80744  8.040000E-20
 795.82227  8.040000E-20
 795.83711  4.527000E-20
 795.85194  5.614000E-20
 795.86678  1.229000E-19
 795.88161  2.798000E-19
 795.89645  2.826000E-19
 795.91128  1.134000E-19
 795.92612  4.558000E-20
 795.94095  4.110000E-20
 795.95578  4.816000E-20
 795.97062  8.086000E-20
 795.98545  1.119000E-19
 796.00029  8.059000E-20
 796.01512  5.077000E-20
 796.02996  5.337000E-20
 796.04479  5.857000E-20
 796.05963  7.959000E-20
 796.07446  1.815000E-19
 796.08929  2.943000E-19
 796.10413  1.852000E-19
 796.11896  5.319000E-20
 796.13380  3.335000E-20
 796.14863  3.805000E-20
 796.16347  7.347000E-20
 796.17830  1.104000E-19
 796.19314  8.662000E-20
 796.20797  4.593000E-20
 796.22281  3.877000E-20
 796.23764  3.947000E-20
 796.25247  4.645000E-20
 796.26731  1.006000E-19
 796.28214  2.448000E-19
 796.29698  2.688000E-19
 796.31181  1.170000E-19
 796.32665  4.732000E-20
 796.34148  5.257000E-20
 796.35632  7.946000E-20
 796.37115  1.064000E-19
 796.38599  8.200000E-20
 796.40082  4.937000E-20
 796.41565  4.383000E-20
 796.43049  4.705000E-20
 796.44532  5.340000E-20
 796.46016  7.178000E-20
 796.47499  1.571000E-19
 796.48983  2.623000E-19
 796.50466  1.771000E-19
 796.51950  5.035000E-20
 796.53433  3.235000E-20
 796.54916  5.901000E-20
 796.56400  9.446000E-20
 796.57883  7.831000E-20
 796.59367  4.934000E-20
 796.60850  3.917000E-20
 796.62334  3.825000E-20
 796.63817  3.820000E-20
 796.65301  4.874000E-20
 796.66784  9.649000E-20
 796.68268  2.135000E-19
 796.69751  2.411000E-19
 796.71234  1.149000E-19
 796.72718  5.667000E-20
 796.74201  7.497000E-20
 796.75685  9.734000E-20
 796.77168  7.550000E-20
 796.78652  4.588000E-20
 796.80135  4.303000E-20
 796.81619  4.274000E-20
 796.83102  4.566000E-20
 796.84585  5.270000E-20
 796.86069  7.515000E-20
 796.87552  1.517000E-19
 796.89036  2.412000E-19
 796.90519  1.628000E-19
 796.92003  5.561000E-20
 796.93486  5.677000E-20
 796.94970  7.892000E-20
 796.96453  6.171000E-20
 796.97937  4.011000E-20
 796.99420  4.289000E-20
 797.00903  4.406000E-20
 797.02387  4.777000E-20
 797.03870  5.029000E-20
 797.05354  5.648000E-20
 797.06837  9.682000E-20
 797.08321  2.017000E-19
 797.09804  2.149000E-19
 797.11288  1.017000E-19
 797.12771  7.385000E-20
 797.14255  9.497000E-20
 797.15738  7.181000E-20
 797.17221  4.389000E-20
 797.18705  3.809000E-20
 797.20188  3.487000E-20
 797.21672  3.689000E-20
 797.23155  4.183000E-20
 797.24639  4.353000E-20
 797.26122  6.343000E-20
 797.27606  1.434000E-19
 797.29089  2.218000E-19
 797.30572  1.430000E-19
 797.32056  6.862000E-20
 797.33539  6.881000E-20
 797.35023  4.412000E-20
 797.36506  2.930000E-20
 797.37990  3.126000E-20
 797.39473  3.727000E-20
 797.40957  4.029000E-20
 797.42440  4.549000E-20
 797.43924  4.784000E-20
 797.45407  5.436000E-20
 797.46890  9.665000E-20
 797.48374  1.963000E-19
 797.49857  1.937000E-19
 797.51341  1.081000E-19
 797.52824  8.261000E-20
 797.54308  5.643000E-20
 797.55791  4.104000E-20
 797.57275  4.104000E-20
 797.58758  3.774000E-20
 797.60241  3.449000E-20
 797.61725  3.123000E-20
 797.63208  3.345000E-20
 797.64692  3.982000E-20
 797.66175  6.302000E-20
 797.67659  1.484000E-19
 797.69142  2.076000E-19
 797.70626  1.354000E-19
 797.72109  6.944000E-20
 797.73593  3.679000E-20
 797.75076  2.380000E-20
 797.76559  2.715000E-20
 797.78043  3.097000E-20
 797.79526  3.258000E-20
 797.81010  3.367000E-20
 797.82493  3.863000E-20
 797.83977  4.145000E-20
 797.85460  4.867000E-20
 797.86944  1.030000E-19
 797.88427  1.962000E-19
 797.89911  1.701000E-19
 797.91394  7.664000E-20
 797.92877  3.577000E-20
 797.94361  2.891000E-20
 797.95844  3.201000E-20
 797.97328  3.275000E-20
 797.98811  2.951000E-20
 798.00295  2.434000E-20
 798.01778  2.753000E-20
 798.03262  3.370000E-20
 798.04745  4.060000E-20
 798.06228  7.639000E-20
 798.07712  1.770000E-19
 798.09195  1.980000E-19
 798.10679  8.557000E-20
 798.12162  2.363000E-20
 798.13646  1.920000E-20
 798.15129  2.055000E-20
 798.16613  2.101000E-20
 798.18096  2.460000E-20
 798.19580  2.710000E-20
 798.21063  3.130000E-20
 798.22546  3.508000E-20
 798.24030  3.593000E-20
 798.25513  5.048000E-20
 798.26997  1.355000E-19
 798.28480  1.953000E-19
 798.29964  1.017000E-19
 798.31447  3.063000E-20
 798.32931  2.770000E-20
 798.34414  3.076000E-20
 798.35897  3.681000E-20
 798.37381  3.624000E-20
 798.38864  3.038000E-20
 798.40348  2.643000E-20
 798.41831  3.099000E-20
 798.43315  3.068000E-20
 798.44798  3.978000E-20
 798.46282  1.069000E-19
 798.47765  1.854000E-19
 798.49249  1.233000E-19
 798.50732  3.717000E-20
 798.52215  2.287000E-20
 798.53699  2.468000E-20
 798.55182  2.489000E-20
 798.56666  2.003000E-20
 798.58149  1.901000E-20
 798.59633  2.253000E-20
 798.61116  2.980000E-20
 798.62600  3.657000E-20
 798.64083  4.675000E-20
 798.65566  9.673000E-20
 798.67050  1.732000E-19
 798.68533  1.353000E-19
 798.70017  4.461000E-20
 798.71500  1.810000E-20
 798.72984  1.879000E-20
 798.74467  2.516000E-20
 798.75951  2.967000E-20
 798.77434  3.146000E-20
 798.78918  2.792000E-20
 798.80401  2.887000E-20
 798.81884  3.017000E-20
 798.83368  3.410000E-20
 798.84851  6.852000E-20
 798.86335  1.371000E-19
 798.87818  1.361000E-19
 798.89302  5.868000E-20
 798.90785  2.826000E-20
 798.92269  2.902000E-20
 798.93752  2.780000E-20
 798.95236  1.854000E-20
 798.96719  9.627000E-21
 798.98202  1.189000E-20
 798.99686  2.199000E-20
 799.01169  2.987000E-20
 799.02653  3.800000E-20
 799.04136  6.483000E-20
 799.05620  1.179000E-19
 799.07103  1.357000E-19
 799.08587  6.812000E-20
 799.10070  2.247000E-20
 799.11553  1.865000E-20
 799.13037  1.911000E-20
 799.14520  1.795000E-20
 799.16004  2.156000E-20
 799.17487  2.724000E-20
 799.18971  3.440000E-20
 799.20454  4.536000E-20
 799.21938  5.107000E-20
 799.23421  5.253000E-20
 799.24905  8.148000E-20
 799.26388  1.227000E-19
 799.27871  7.473000E-20
 799.29355  2.240000E-20
 799.30838  1.643000E-20
 799.32322  1.600000E-20
 799.33805  1.709000E-20
 799.35289  1.319000E-20
 799.36772  9.182000E-21
 799.38256  1.439000E-20
 799.39739  2.481000E-20
 799.41222  3.519000E-20
 799.42706  4.116000E-20
 799.44189  6.753000E-20
 799.45673  1.167000E-19
 799.47156  8.830000E-20
 799.48640  3.231000E-20
 799.50123  1.936000E-20
 799.51607  1.724000E-20
 799.53090  1.700000E-20
 799.54574  1.655000E-20
 799.56057  1.995000E-20
 799.57540  2.850000E-20
 799.59024  4.249000E-20
 799.60507  4.363000E-20
 799.61991  2.862000E-20
 799.63474  4.451000E-20
 799.64958  9.415000E-20
 799.66441  7.293000E-20
 799.67925  1.913000E-20
 799.69408  7.841000E-21
 799.70892  1.039000E-20
 799.72375  1.310000E-20
 799.73858  1.276000E-20
 799.75342  1.422000E-20
 799.76825  2.088000E-20
 799.78309  3.183000E-20
 799.79792  2.821000E-20
 799.81276  2.069000E-20
 799.82759  4.774000E-20
 799.84243  1.059000E-19
 799.85726  9.609000E-20
 799.87209  3.765000E-20
 799.88693  2.048000E-20
 799.90176  1.975000E-20
 799.91660  1.894000E-20
 799.93143  1.620000E-20
 799.94627  1.974000E-20
 799.96110  3.029000E-20
 799.97594  4.148000E-20
 799.99077  3.282000E-20
 800.00561  2.249000E-20
 800.02044  3.926000E-20
 800.03527  8.533000E-20
 800.05011  7.995000E-20
 800.06494  2.589000E-20
 800.07978  8.908000E-21
 800.09461  1.053000E-20
 800.10945  1.247000E-20
 800.12428  1.147000E-20
 800.13912  1.809000E-20
 800.15395  3.158000E-20
 800.16878  3.595000E-20
 800.18362  2.045000E-20
 800.19845  1.116000E-20
 800.21329  2.718000E-20
 800.22812  7.412000E-20
 800.24296  7.896000E-20
 800.25779  3.387000E-20
 800.27263  1.932000E-20
 800.28746  2.001000E-20
 800.30230  2.062000E-20
 800.31713  1.587000E-20
 800.33196  1.729000E-20
 800.34680  2.678000E-20
 800.36163  2.402000E-20
 800.37647  1.562000E-20
 800.39130  1.545000E-20
 800.40614  3.097000E-20
 800.42097  7.418000E-20
 800.43581  7.680000E-20
 800.45064  2.901000E-20
 800.46547  2.901000E-20
 800.48031  2.264000E-21
 800.49514  6.188000E-21
 800.50998  1.284000E-20
 800.52481  2.208000E-20
 800.53965  2.889000E-20
 800.55448  2.542000E-20
 800.56932  2.171000E-20
 800.58415  1.760000E-20
 800.59899  2.628000E-20
 800.61382  6.485000E-20
 800.62865  6.790000E-20
 800.64349  2.511000E-20
 800.65832  1.120000E-20
 800.67316  1.386000E-20
 800.68799  1.711000E-20
 800.70283  2.060000E-20
 800.71766  2.590000E-20
 800.73250  2.023000E-20
 800.74733  1.129000E-20
 800.76217  7.827000E-21
 800.77700  9.595000E-21
 800.79183  2.845000E-20
 800.80667  6.553000E-20
 800.82150  6.626000E-20
 800.83634  2.593000E-20
 800.85117  9.577000E-21
 800.86601  8.936000E-21
 800.88084  9.639000E-21
 800.89568  1.116000E-20
 800.91051  1.660000E-20
 800.92534  1.482000E-20
 800.94018  1.220000E-20
 800.95501  1.309000E-20
 800.96985  1.770000E-20
 800.98468  2.934000E-20
 800.99952  5.803000E-20
 801.01435  5.404000E-20
 801.02919  1.657000E-20
 801.04402  2.230000E-21
 801.05886  3.578000E-21
 801.07369  1.220000E-20
 801.08852  2.111000E-20
 801.10336  2.022000E-20
 801.11819  1.395000E-20
 801.13303  1.007000E-20
 801.14786  7.274000E-21
 801.16270  8.771000E-21
 801.17753  2.496000E-20
 801.19237  5.843000E-20
 801.20720  5.540000E-20
 801.22203  2.263000E-20
 801.23687  1.663000E-20
 801.25170  1.767000E-20
 801.26654  1.725000E-20
 801.28137  1.503000E-20
 801.29621  1.194000E-20
 801.31104  8.565000E-21
 801.32588  9.038000E-21
 801.34071  9.587000E-21
 801.35555  1.240000E-20
 801.37038  2.663000E-20
 801.38521  5.307000E-20
 801.40005  4.149000E-20
 801.41488  6.452000E-21
 801.42972  0.000000E+00
 801.44455  6.452000E-21
 801.45939  1.675000E-20
 801.47422  1.742000E-20
 801.48906  1.589000E-20
 801.50389  1.477000E-20
 801.51873  1.533000E-20
 801.53356  1.383000E-20
 801.54839  1.372000E-20
 801.56323  2.776000E-20
 801.57806  5.402000E-20
 801.59290  4.395000E-20
 801.60773  1.985000E-20
 801.62257  1.947000E-20
 801.63740  2.568000E-20
 801.65224  1.954000E-20
 801.66707  8.063000E-21
 801.68190  3.140000E-21
 801.69674  2.493000E-21
 801.71157  2.487000E-21
 801.72641  3.067000E-23
 801.74124  5.129000E-21
 801.75608  2.789000E-20
 801.77091  4.629000E-20
 801.78575  2.705000E-20
 801.80058  6.920000E-21
 801.81542  7.473000E-21
 801.83025  5.171000E-21
 801.84508  0.000000E+00
 801.85992  2.903000E-22
 801.87475  6.439000E-21
 801.88959  1.078000E-20
 801.90442  1.250000E-20
 801.91926  1.277000E-20
 801.93409  1.701000E-20
 801.94893  3.383000E-20
 801.96376  4.519000E-20
 801.97859  2.548000E-20
 801.99343  1.321000E-20
 802.00826  1.593000E-20
 802.02310  1.737000E-20
 802.03793  1.588000E-20
 802.05277  1.340000E-20
 802.06760  1.186000E-20
 802.08244  1.119000E-20
 802.09727  8.088000E-21
 802.11211  1.972000E-21
 802.12694  4.576000E-21
 802.14177  2.703000E-20
 802.15661  3.694000E-20
 802.17144  2.006000E-20
 802.18628  1.397000E-20
 802.20111  1.450000E-20
 802.21595  7.901000E-21
 802.23078  4.040000E-22
 802.24562  1.185000E-21
 802.26045  5.535000E-21
 802.27528  8.542000E-21
 802.29012  1.408000E-20
 802.30495  1.808000E-20
 802.31979  2.544000E-20
 802.33462  4.537000E-20
 802.34946  4.329000E-20
 802.36429  1.856000E-20
 802.37913  7.487000E-21
 802.39396  1.575000E-21
 802.40880  0.000000E+00
 802.42363  1.324000E-21
 802.43846  3.653000E-21
 802.45330  6.308000E-21
 802.46813  7.017000E-21
 802.48297  3.377000E-21
 802.49780  1.842000E-21
 802.51264  8.994000E-21
 802.52747  2.385000E-20
 802.54231  2.183000E-20
 802.55714  9.169000E-21
 802.57198  6.349000E-21
 802.58681  1.050000E-20
 802.60164  8.834000E-21
 802.61648  4.831000E-21
 802.63131  5.205000E-21
 802.64615  4.137000E-21
 802.66098  3.130000E-21
 802.67582  4.699000E-21
 802.69065  8.241000E-21
 802.70549  2.190000E-20
 802.72032  3.722000E-20
 802.73515  2.859000E-20
 802.74999  1.442000E-20
 802.76482  1.235000E-20
 802.77966  9.940000E-21
 802.79449  2.680000E-21
 802.80933  0.000000E+00
 802.82416  5.483000E-23
 802.83900  3.120000E-21
 802.85383  6.932000E-21
 802.86867  8.505000E-21
 802.88350  1.408000E-20
 802.89833  2.778000E-20
 802.91317  2.960000E-20
 802.92800  1.304000E-20
 802.94284  6.870000E-21
 802.95767  1.100000E-20
 802.97251  1.162000E-20
 802.98734  1.057000E-20
 803.00218  1.146000E-20
 803.01701  9.591000E-21
 803.03184  5.882000E-21
 803.04668  4.010000E-21
 803.06151  4.316000E-21
 803.07635  1.081000E-20
 803.09118  2.718000E-20
 803.10602  2.652000E-20
 803.12085  1.178000E-20
 803.13569  8.088000E-21
 803.15052  7.531000E-21
 803.16536  7.191000E-21
 803.18019  4.382000E-21
 803.19502  1.307000E-21
 803.20986  0.000000E+00
 803.22469  3.740000E-22
 803.23953  2.957000E-21
 803.25436  1.075000E-20
 803.26920  2.565000E-20
 803.28403  3.441000E-20
 803.29887  1.771000E-20
 803.31370  6.110000E-22
 803.32854  0.000000E+00
 803.34337  6.208000E-22
 803.35820  0.000000E+00
 803.37304  0.000000E+00
 803.38787  3.259000E-21
 803.40271  5.116000E-21
 803.41754  7.861000E-21
 803.43238  9.388000E-21
 803.44721  1.011000E-20
 803.46205  1.837000E-20
 803.47688  1.846000E-20
 803.49171  6.754000E-21
 803.50655  3.858000E-21
 803.52138  5.260000E-21
 803.53622  6.255000E-21
 803.55105  7.685000E-21
 803.56589  6.963000E-21
 803.58072  3.581000E-21
 803.59556  3.950000E-21
 803.61039  4.519000E-21
 803.62523  4.021000E-21
 803.64006  1.483000E-20
 803.65489  2.831000E-20
 803.66973  2.521000E-20
 803.68456  1.397000E-20
 803.69940  1.024000E-20
 803.71423  7.213000E-21
 803.72907  2.046000E-21
 803.74390  0.000000E+00
 803.75874  0.000000E+00
 803.77357  0.000000E+00
 803.78840  0.000000E+00
 803.80324  6.606000E-22
 803.81807  4.262000E-21
 803.83291  1.188000E-20
 803.84774  1.661000E-20
 803.86258  5.403000E-21
 803.87741  0.000000E+00
 803.89225  3.477000E-21
 803.90708  4.348000E-21
 803.92192  5.299000E-21
 803.93675  9.243000E-21
 803.95158  1.048000E-20
 803.96642  1.248000E-20
 803.98125  1.660000E-20
 803.99609  1.504000E-20
 804.01092  1.298000E-20
 804.02576  1.794000E-20
 804.04059  1.642000E-20
 804.05543  8.365000E-21
 804.07026  8.542000E-21
 804.08509  9.022000E-21
 804.09993  7.107000E-21
 804.11476  3.484000E-21
 804.12960  3.484000E-21
 804.14443  0.000000E+00
 804.15927  0.000000E+00
 804.17410  0.000000E+00
 804.18894  0.000000E+00
 804.20377  9.878000E-21
 804.21861  1.800000E-20
 804.23344  1.353000E-20
 804.24827  6.533000E-21
 804.26311  2.026000E-21
 804.27794  0.000000E+00
 804.29278  0.000000E+00
 804.30761  2.964000E-21
 804.32245  8.589000E-21
 804.33728  1.123000E-20
 804.35212  1.088000E-20
 804.36695  1.486000E-20
 804.38179  1.831000E-20
 804.39662  2.085000E-20
 804.41145  1.640000E-20
 804.42629  6.063000E-21
 804.44112  2.180000E-21
 804.45596  3.758000E-21
 804.47079  2.904000E-21
 804.48563  1.554000E-21
 804.50046  3.248000E-21
 804.51530  4.350000E-21
 804.53013  1.120000E-21
 804.54496  0.000000E+00
 804.55980  0.000000E+00
 804.57463  2.357000E-21
 804.58947  9.126000E-21
 804.60430  7.219000E-21
 804.61914  6.762000E-21
 804.63397  5.145000E-21
 804.64881  4.043000E-21
 804.66364  2.413000E-21
 804.67848  0.000000E+00
 804.69331  0.000000E+00
 804.70814  0.000000E+00
 804.72298  0.000000E+00
 804.73781  3.803000E-21
 804.75265  1.116000E-20
 804.76748  1.355000E-20
 804.78232  1.005000E-20
 804.79715  8.662000E-21
 804.81199  3.860000E-21
 804.82682  0.000000E+00
 804.84165  0.000000E+00
 804.85649  0.000000E+00
 804.87132  0.000000E+00
 804.88616  0.000000E+00
 804.90099  0.000000E+00
 804.91583  1.999000E-21
 804.93066  9.396000E-21
 804.94550  1.331000E-20
 804.96033  1.032000E-20
 804.97517  5.718000E-21
 804.99000  2.009000E-21
