 765.01100  4.150000E-20
 765.02583  7.054000E-20
 765.04067  9.983000E-20
 765.05550  8.771000E-20
 765.07034  7.474000E-20
 765.08517  6.827000E-20
 765.10001  5.309000E-20
 765.11484  4.491000E-20
 765.12968  4.072000E-20
 765.14451  3.947000E-20
 765.15935  3.855000E-20
 765.17418  3.915000E-20
 765.18901  3.860000E-20
 765.20385  3.644000E-20
 765.21868  3.844000E-20
 765.23352  4.837000E-20
 765.24835  5.700000E-20
 765.26319  6.374000E-20
 765.27802  9.675000E-20
 765.29286  1.141000E-19
 765.30769  9.955000E-20
 765.32252  8.299000E-20
 765.33736  6.227000E-20
 765.35219  5.169000E-20
 765.36703  4.549000E-20
 765.38186  3.979000E-20
 765.39670  3.575000E-20
 765.41153  4.158000E-20
 765.42637  4.246000E-20
 765.44120  3.541000E-20
 765.45604  3.174000E-20
 765.47087  3.743000E-20
 765.48570  4.588000E-20
 765.50054  4.796000E-20
 765.51537  7.034000E-20
 765.53021  1.119000E-19
 765.54504  1.231000E-19
 765.55988  1.003000E-19
 765.57471  6.617000E-20
 765.58955  4.568000E-20
 765.60438  4.098000E-20
 765.61921  3.886000E-20
 765.63405  3.518000E-20
 765.64888  3.887000E-20
 765.66372  4.667000E-20
 765.67855  4.350000E-20
 765.69339  3.667000E-20
 765.70822  3.575000E-20
 765.72306  4.271000E-20
 765.73789  4.929000E-20
 765.75273  5.695000E-20
 765.76756  9.553000E-20
 765.78239  1.429000E-19
 765.79723  1.335000E-19
 765.81206  9.049000E-20
 765.82690  6.153000E-20
 765.84173  4.944000E-20
 765.85657  4.248000E-20
 765.87140  3.735000E-20
 765.88624  3.396000E-20
 765.90107  4.080000E-20
 765.91591  4.603000E-20
 765.93074  4.281000E-20
 765.94557  4.115000E-20
 765.96041  4.520000E-20
 765.97524  4.919000E-20
 765.99008  4.854000E-20
 766.00491  7.375000E-20
 766.01975  1.411000E-19
 766.03458  1.651000E-19
 766.04942  1.181000E-19
 766.06425  7.518000E-20
 766.07908  5.794000E-20
 766.09392  4.711000E-20
 766.10875  3.464000E-20
 766.12359  3.464000E-20
 766.13842  3.549000E-20
 766.15326  4.155000E-20
 766.16809  4.483000E-20
 766.18293  4.403000E-20
 766.19776  4.339000E-20
 766.21260  4.778000E-20
 766.22743  5.112000E-20
 766.24226  5.941000E-20
 766.25710  1.096000E-19
 766.27193  1.659000E-19
 766.28677  1.371000E-19
 766.30160  8.327000E-20
 766.31644  6.156000E-20
 766.33127  5.233000E-20
 766.34611  4.395000E-20
 766.36094  3.809000E-20
 766.37577  3.910000E-20
 766.39061  3.962000E-20
 766.40544  4.045000E-20
 766.42028  3.752000E-20
 766.43511  3.903000E-20
 766.44995  4.737000E-20
 766.46478  5.888000E-20
 766.47962  6.378000E-20
 766.49445  9.550000E-20
 766.50929  1.637000E-19
 766.52412  1.761000E-19
 766.53895  1.172000E-19
 766.55379  7.669000E-20
 766.56862  6.417000E-20
 766.58346  5.702000E-20
 766.59829  5.116000E-20
 766.61313  4.735000E-20
 766.62796  4.703000E-20
 766.64280  4.881000E-20
 766.65763  4.482000E-20
 766.67246  3.823000E-20
 766.68730  3.791000E-20
 766.70213  4.732000E-20
 766.71697  5.646000E-20
 766.73180  7.984000E-20
 766.74664  1.393000E-19
 766.76147  1.836000E-19
 766.77631  1.448000E-19
 766.79114  8.888000E-20
 766.80598  6.441000E-20
 766.82081  5.014000E-20
 766.83564  4.385000E-20
 766.85048  4.370000E-20
 766.86531  4.367000E-20
 766.88015  4.939000E-20
 766.89498  5.238000E-20
 766.90982  4.895000E-20
 766.92465  4.676000E-20
 766.93949  4.931000E-20
 766.95432  5.615000E-20
 766.96916  7.300000E-20
 766.98399  1.180000E-19
 766.99882  1.762000E-19
 767.01366  1.775000E-19
 767.02849  1.183000E-19
 767.04333  7.905000E-20
 767.05816  5.633000E-20
 767.07300  3.970000E-20
 767.08783  3.615000E-20
 767.10267  3.810000E-20
 767.11750  4.472000E-20
 767.13233  5.242000E-20
 767.14717  4.923000E-20
 767.16200  4.648000E-20
 767.17684  4.522000E-20
 767.19167  5.406000E-20
 767.20651  7.390000E-20
 767.22134  1.102000E-19
 767.23618  1.487000E-19
 767.25101  1.814000E-19
 767.26585  1.552000E-19
 767.28068  1.027000E-19
 767.29551  7.832000E-20
 767.31035  6.483000E-20
 767.32518  4.769000E-20
 767.34002  3.798000E-20
 767.35485  4.377000E-20
 767.36969  5.471000E-20
 767.38452  5.760000E-20
 767.39936  5.290000E-20
 767.41419  5.263000E-20
 767.42902  6.140000E-20
 767.44386  8.108000E-20
 767.45869  1.062000E-19
 767.47353  1.197000E-19
 767.48836  1.562000E-19
 767.50320  1.741000E-19
 767.51803  1.220000E-19
 767.53287  7.870000E-20
 767.54770  5.897000E-20
 767.56254  5.122000E-20
 767.57737  4.519000E-20
 767.59220  4.735000E-20
 767.60704  5.604000E-20
 767.62187  5.682000E-20
 767.63671  4.889000E-20
 767.65154  5.084000E-20
 767.66638  6.254000E-20
 767.68121  9.089000E-20
 767.69605  1.234000E-19
 767.71088  1.203000E-19
 767.72572  1.390000E-19
 767.74055  1.904000E-19
 767.75538  1.542000E-19
 767.77022  9.011000E-20
 767.78505  6.278000E-20
 767.79989  4.973000E-20
 767.81472  4.435000E-20
 767.82956  4.752000E-20
 767.84439  5.802000E-20
 767.85923  6.440000E-20
 767.87406  5.381000E-20
 767.88889  4.675000E-20
 767.90373  5.476000E-20
 767.91856  8.353000E-20
 767.93340  1.165000E-19
 767.94823  1.089000E-19
 767.96307  1.136000E-19
 767.97790  1.771000E-19
 767.99274  1.854000E-19
 768.00757  1.227000E-19
 768.02241  7.836000E-20
 768.03724  5.476000E-20
 768.05207  4.388000E-20
 768.06691  4.557000E-20
 768.08174  5.976000E-20
 768.09658  7.051000E-20
 768.11141  6.672000E-20
 768.12625  5.623000E-20
 768.14108  5.657000E-20
 768.15592  8.465000E-20
 768.17075  1.221000E-19
 768.18558  1.106000E-19
 768.20042  9.675000E-20
 768.21525  1.492000E-19
 768.23009  2.019000E-19
 768.24492  1.559000E-19
 768.25976  9.341000E-20
 768.27459  6.380000E-20
 768.28943  4.995000E-20
 768.30426  4.705000E-20
 768.31910  5.394000E-20
 768.33393  6.577000E-20
 768.34876  6.529000E-20
 768.36360  5.620000E-20
 768.37843  5.681000E-20
 768.39327  8.736000E-20
 768.40810  1.276000E-19
 768.42294  1.128000E-19
 768.43777  8.457000E-20
 768.45261  1.148000E-19
 768.46744  1.929000E-19
 768.48227  1.870000E-19
 768.49711  1.140000E-19
 768.51194  7.547000E-20
 768.52678  6.049000E-20
 768.54161  5.705000E-20
 768.55645  6.306000E-20
 768.57128  7.649000E-20
 768.58612  7.558000E-20
 768.60095  6.301000E-20
 768.61579  6.572000E-20
 768.63062  1.008000E-19
 768.64545  1.392000E-19
 768.66029  1.223000E-19
 768.67512  9.106000E-20
 768.68996  9.882000E-20
 768.70479  1.716000E-19
 768.71963  2.118000E-19
 768.73446  1.459000E-19
 768.74930  8.920000E-20
 768.76413  6.746000E-20
 768.77897  6.053000E-20
 768.79380  5.873000E-20
 768.80863  6.848000E-20
 768.82347  6.657000E-20
 768.83830  5.518000E-20
 768.85314  5.783000E-20
 768.86797  9.512000E-20
 768.88281  1.258000E-19
 768.89764  1.114000E-19
 768.91248  8.982000E-20
 768.92731  9.065000E-20
 768.94214  1.495000E-19
 768.95698  2.253000E-19
 768.97181  1.843000E-19
 768.98665  1.082000E-19
 769.00148  7.483000E-20
 769.01632  6.344000E-20
 769.03115  6.435000E-20
 769.04599  7.695000E-20
 769.06082  8.106000E-20
 769.07566  6.942000E-20
 769.09049  6.729000E-20
 769.10532  1.045000E-19
 769.12016  1.230000E-19
 769.13499  9.885000E-20
 769.14983  7.485000E-20
 769.16466  6.865000E-20
 769.17950  1.133000E-19
 769.19433  2.124000E-19
 769.20917  2.166000E-19
 769.22400  1.346000E-19
 769.23883  8.331000E-20
 769.25367  6.557000E-20
 769.26850  6.589000E-20
 769.28334  7.401000E-20
 769.29817  8.232000E-20
 769.31301  7.623000E-20
 769.32784  8.316000E-20
 769.34268  1.240000E-19
 769.35751  1.312000E-19
 769.37235  1.025000E-19
 769.38718  8.481000E-20
 769.40201  7.424000E-20
 769.41685  9.556000E-20
 769.43168  1.927000E-19
 769.44652  2.434000E-19
 769.46135  1.686000E-19
 769.47619  1.018000E-19
 769.49102  7.231000E-20
 769.50586  6.350000E-20
 769.52069  6.546000E-20
 769.53553  7.079000E-20
 769.55036  6.764000E-20
 769.56519  8.155000E-20
 769.58003  1.210000E-19
 769.59486  1.196000E-19
 769.60970  9.731000E-20
 769.62453  8.806000E-20
 769.63937  7.516000E-20
 769.65420  8.231000E-20
 769.66904  1.649000E-19
 769.68387  2.541000E-19
 769.69870  2.024000E-19
 769.71354  1.224000E-19
 769.72837  8.973000E-20
 769.74321  7.888000E-20
 769.75804  7.856000E-20
 769.77288  8.540000E-20
 769.78771  8.217000E-20
 769.80255  1.012000E-19
 769.81738  1.315000E-19
 769.83222  1.104000E-19
 769.84705  8.029000E-20
 769.86188  7.225000E-20
 769.87672  6.767000E-20
 769.89155  8.015000E-20
 769.90639  1.458000E-19
 769.92122  2.517000E-19
 769.93606  2.313000E-19
 769.95089  1.350000E-19
 769.96573  8.690000E-20
 769.98056  7.639000E-20
 769.99539  7.572000E-20
 770.01023  8.349000E-20
 770.02506  9.633000E-20
 770.03990  1.271000E-19
 770.05473  1.438000E-19
 770.06957  1.073000E-19
 770.08440  7.940000E-20
 770.09924  7.578000E-20
 770.11407  7.472000E-20
 770.12891  7.716000E-20
 770.14374  1.257000E-19
 770.15857  2.448000E-19
 770.17341  2.632000E-19
 770.18824  1.643000E-19
 770.20308  9.783000E-20
 770.21791  7.302000E-20
 770.23275  6.491000E-20
 770.24758  7.292000E-20
 770.26242  9.879000E-20
 770.27725  1.429000E-19
 770.29208  1.445000E-19
 770.30692  9.502000E-20
 770.32175  7.088000E-20
 770.33659  7.260000E-20
 770.35142  7.116000E-20
 770.36626  7.129000E-20
 770.38109  1.094000E-19
 770.39593  2.241000E-19
 770.41076  2.858000E-19
 770.42560  2.002000E-19
 770.44043  1.218000E-19
 770.45526  8.864000E-20
 770.47010  7.571000E-20
 770.48493  8.053000E-20
 770.49977  1.111000E-19
 770.51460  1.488000E-19
 770.52944  1.309000E-19
 770.54427  8.202000E-20
 770.55911  6.625000E-20
 770.57394  7.670000E-20
 770.58878  8.306000E-20
 770.60361  7.714000E-20
 770.61844  9.244000E-20
 770.63328  1.935000E-19
 770.64811  2.893000E-19
 770.66295  2.229000E-19
 770.67778  1.306000E-19
 770.69262  9.243000E-20
 770.70745  7.803000E-20
 770.72229  8.998000E-20
 770.73712  1.326000E-19
 770.75195  1.577000E-19
 770.76679  1.138000E-19
 770.78162  6.578000E-20
 770.79646  6.213000E-20
 770.81129  7.586000E-20
 770.82613  8.061000E-20
 770.84096  7.660000E-20
 770.85580  9.201000E-20
 770.87063  1.792000E-19
 770.88547  2.969000E-19
 770.90030  2.516000E-19
 770.91513  1.421000E-19
 770.92997  9.326000E-20
 770.94480  7.518000E-20
 770.95964  9.980000E-20
 770.97447  1.636000E-19
 770.98931  1.689000E-19
 771.00414  9.988000E-20
 771.01898  5.513000E-20
 771.03381  5.134000E-20
 771.04864  6.759000E-20
 771.06348  7.866000E-20
 771.07831  7.997000E-20
 771.09315  9.049000E-20
 771.10798  1.659000E-19
 771.12282  2.988000E-19
 771.13765  2.809000E-19
 771.15249  1.586000E-19
 771.16732  9.175000E-20
 771.18216  6.862000E-20
 771.19699  1.059000E-19
 771.21182  1.776000E-19
 771.22666  1.591000E-19
 771.24149  8.385000E-20
 771.25633  5.484000E-20
 771.27116  5.484000E-20
 771.28600  6.736000E-20
 771.30083  7.285000E-20
 771.31567  7.692000E-20
 771.33050  8.624000E-20
 771.34534  1.579000E-19
 771.36017  3.014000E-19
 771.37500  3.144000E-19
 771.38984  1.884000E-19
 771.40467  1.074000E-19
 771.41951  8.169000E-20
 771.43434  1.305000E-19
 771.44918  1.879000E-19
 771.46401  1.362000E-19
 771.47885  6.928000E-20
 771.49368  5.659000E-20
 771.50851  6.229000E-20
 771.52335  7.340000E-20
 771.53818  8.206000E-20
 771.55302  8.079000E-20
 771.56785  8.474000E-20
 771.58269  1.434000E-19
 771.59752  2.836000E-19
 771.61236  3.217000E-19
 771.62719  1.954000E-19
 771.64203  1.059000E-19
 771.65686  9.721000E-20
 771.67169  1.632000E-19
 771.68653  1.849000E-19
 771.70136  1.106000E-19
 771.71620  6.069000E-20
 771.73103  5.283000E-20
 771.74587  6.018000E-20
 771.76070  7.652000E-20
 771.77554  8.887000E-20
 771.79037  9.114000E-20
 771.80520  9.675000E-20
 771.82004  1.444000E-19
 771.83487  2.790000E-19
 771.84971  3.259000E-19
 771.86454  1.921000E-19
 771.87938  9.799000E-20
 771.89421  1.116000E-19
 771.90905  1.814000E-19
 771.92388  1.644000E-19
 771.93872  8.719000E-20
 771.95355  5.494000E-20
 771.96838  4.652000E-20
 771.98322  5.192000E-20
 771.99805  6.833000E-20
 772.01289  8.092000E-20
 772.02772  8.500000E-20
 772.04256  9.540000E-20
 772.05739  1.419000E-19
 772.07223  2.806000E-19
 772.08706  3.432000E-19
 772.10189  2.136000E-19
 772.11673  1.175000E-19
 772.13156  1.464000E-19
 772.14640  1.908000E-19
 772.16123  1.397000E-19
 772.17607  7.588000E-20
 772.19090  5.715000E-20
 772.20574  5.448000E-20
 772.22057  5.971000E-20
 772.23541  7.092000E-20
 772.25024  8.320000E-20
 772.26507  8.551000E-20
 772.27991  8.781000E-20
 772.29474  1.237000E-19
 772.30958  2.617000E-19
 772.32441  3.423000E-19
 772.33925  2.218000E-19
 772.35408  1.394000E-19
 772.36892  1.747000E-19
 772.38375  1.677000E-19
 772.39859  1.021000E-19
 772.41342  6.090000E-20
 772.42825  4.987000E-20
 772.44309  5.130000E-20
 772.45792  6.323000E-20
 772.47276  8.180000E-20
 772.48759  9.571000E-20
 772.50243  9.708000E-20
 772.51726  9.755000E-20
 772.53210  1.332000E-19
 772.54693  2.658000E-19
 772.56176  3.511000E-19
 772.57660  2.422000E-19
 772.59143  1.768000E-19
 772.60627  1.866000E-19
 772.62110  1.404000E-19
 772.63594  9.045000E-20
 772.65077  5.882000E-20
 772.66561  4.881000E-20
 772.68044  4.802000E-20
 772.69528  5.912000E-20
 772.71011  8.021000E-20
 772.72494  9.731000E-20
 772.73978  9.952000E-20
 772.75461  9.884000E-20
 772.76945  1.270000E-19
 772.78428  2.582000E-19
 772.79912  3.489000E-19
 772.81395  2.559000E-19
 772.82879  1.981000E-19
 772.84362  1.651000E-19
 772.85845  1.103000E-19
 772.87329  8.351000E-20
 772.88812  5.848000E-20
 772.90296  5.063000E-20
 772.91779  4.777000E-20
 772.93263  5.950000E-20
 772.94746  7.794000E-20
 772.96230  9.684000E-20
 772.97713  9.848000E-20
 772.99197  9.777000E-20
 773.00680  1.328000E-19
 773.02163  2.744000E-19
 773.03647  3.746000E-19
 773.05130  3.009000E-19
 773.06614  2.063000E-19
 773.08097  1.177000E-19
 773.09581  7.915000E-20
 773.11064  7.011000E-20
 773.12548  5.611000E-20
 773.14031  5.275000E-20
 773.15515  5.121000E-20
 773.16998  6.508000E-20
 773.18481  8.450000E-20
 773.19965  1.020000E-19
 773.21448  1.026000E-19
 773.22932  1.011000E-19
 773.24415  1.353000E-19
 773.25899  2.855000E-19
 773.27382  4.113000E-19
 773.28866  3.348000E-19
 773.30349  1.818000E-19
 773.31832  9.468000E-20
 773.33316  8.598000E-20
 773.34799  7.286000E-20
 773.36283  5.400000E-20
 773.37766  5.078000E-20
 773.39250  5.474000E-20
 773.40733  7.269000E-20
 773.42217  9.736000E-20
 773.43700  1.090000E-19
 773.45184  1.058000E-19
 773.46667  9.744000E-20
 773.48150  1.284000E-19
 773.49634  2.960000E-19
 773.51117  4.402000E-19
 773.52601  3.133000E-19
 773.54084  1.302000E-19
 773.55568  8.413000E-20
 773.57051  8.854000E-20
 773.58535  6.798000E-20
 773.60018  4.990000E-20
 773.61501  4.937000E-20
 773.62985  5.230000E-20
 773.64468  7.267000E-20
 773.65952  9.517000E-20
 773.67435  1.050000E-19
 773.68919  1.018000E-19
 773.70402  9.574000E-20
 773.71886  1.457000E-19
 773.73369  3.452000E-19
 773.74853  4.561000E-19
 773.76336  2.487000E-19
 773.77819  8.631000E-20
 773.79303  7.460000E-20
 773.80786  7.808000E-20
 773.82270  6.028000E-20
 773.83753  5.208000E-20
 773.85237  5.678000E-20
 773.86720  6.170000E-20
 773.88204  7.881000E-20
 773.89687  9.450000E-20
 773.91171  1.013000E-19
 773.92654  9.650000E-20
 773.94137  9.351000E-20
 773.95621  1.648000E-19
 773.97104  3.773000E-19
 773.98588  4.101000E-19
 774.00071  1.790000E-19
 774.01555  7.070000E-20
 774.03038  7.442000E-20
 774.04522  6.770000E-20
 774.06005  5.011000E-20
 774.07488  4.628000E-20
 774.08972  5.371000E-20
 774.10455  6.554000E-20
 774.11939  8.461000E-20
 774.13422  1.022000E-19
 774.14906  1.028000E-19
 774.16389  9.364000E-20
 774.17873  1.022000E-19
 774.19356  2.215000E-19
 774.20840  4.304000E-19
 774.22323  3.693000E-19
 774.23806  1.477000E-19
 774.25290  7.895000E-20
 774.26773  8.035000E-20
 774.28257  6.348000E-20
 774.29740  4.150000E-20
 774.31224  3.887000E-20
 774.32707  4.758000E-20
 774.34191  6.618000E-20
 774.35674  8.457000E-20
 774.37157  9.840000E-20
 774.38641  1.001000E-19
 774.40124  9.645000E-20
 774.41608  1.330000E-19
 774.43091  2.801000E-19
 774.44575  4.213000E-19
 774.46058  3.033000E-19
 774.47542  1.199000E-19
 774.49025  8.350000E-20
 774.50509  8.613000E-20
 774.51992  6.339000E-20
 774.53475  4.986000E-20
 774.54959  5.275000E-20
 774.56442  5.837000E-20
 774.57926  7.323000E-20
 774.59409  8.760000E-20
 774.60893  9.879000E-20
 774.62376  1.013000E-19
 774.63860  1.108000E-19
 774.65343  1.776000E-19
 774.66826  3.050000E-19
 774.68310  3.810000E-19
 774.69793  2.534000E-19
 774.71277  9.788000E-20
 774.72760  7.777000E-20
 774.74244  7.378000E-20
 774.75727  5.716000E-20
 774.77211  5.202000E-20
 774.78694  5.739000E-20
 774.80178  6.363000E-20
 774.81661  7.495000E-20
 774.83144  9.039000E-20
 774.84628  1.014000E-19
 774.86111  1.059000E-19
 774.87595  1.410000E-19
 774.89078  2.011000E-19
 774.90562  2.875000E-19
 774.92045  3.551000E-19
 774.93529  2.210000E-19
 774.95012  9.645000E-20
 774.96496  8.523000E-20
 774.97979  6.370000E-20
 774.99462  4.921000E-20
 775.00946  5.314000E-20
 775.02429  6.284000E-20
 775.03913  6.873000E-20
 775.05396  8.528000E-20
 775.06880  1.006000E-19
 775.08363  1.075000E-19
 775.09847  1.250000E-19
 775.11330  1.708000E-19
 775.12813  1.841000E-19
 775.14297  2.683000E-19
 775.15780  3.246000E-19
 775.17264  1.726000E-19
 775.18747  8.667000E-20
 775.20231  8.105000E-20
 775.21714  5.993000E-20
 775.23198  5.162000E-20
 775.24681  5.626000E-20
 775.26165  5.833000E-20
 775.27648  6.541000E-20
 775.29131  8.018000E-20
 775.30615  1.001000E-19
 775.32098  1.256000E-19
 775.33582  1.680000E-19
 775.35065  1.644000E-19
 775.36549  1.524000E-19
 775.38032  2.855000E-19
 775.39516  2.950000E-19
 775.40999  1.323000E-19
 775.42482  7.475000E-20
 775.43966  6.396000E-20
 775.45449  5.075000E-20
 775.46933  5.200000E-20
 775.48416  5.477000E-20
 775.49900  5.743000E-20
 775.51383  6.291000E-20
 775.52867  8.230000E-20
 775.54350  1.083000E-19
 775.55834  1.517000E-19
 775.57317  1.688000E-19
 775.58800  1.209000E-19
 775.60284  1.705000E-19
 775.61767  3.182000E-19
 775.63251  2.610000E-19
 775.64734  1.078000E-19
 775.66218  7.136000E-20
 775.67701  5.729000E-20
 775.69185  5.073000E-20
 775.70668  5.708000E-20
 775.72152  6.207000E-20
 775.73635  6.206000E-20
 775.75118  7.554000E-20
 775.76602  1.019000E-19
 775.78085  1.406000E-19
 775.79569  1.679000E-19
 775.81052  1.184000E-19
 775.82536  8.287000E-20
 775.84019  1.992000E-19
 775.85503  3.217000E-19
 775.86986  2.061000E-19
 775.88469  8.861000E-20
 775.89953  7.129000E-20
 775.91436  5.619000E-20
 775.92920  5.556000E-20
 775.94403  5.653000E-20
 775.95887  5.819000E-20
 775.97370  6.403000E-20
 775.98854  9.129000E-20
 776.00337  1.308000E-19
 776.01821  1.743000E-19
 776.03304  1.415000E-19
 776.04787  7.946000E-20
 776.06271  1.021000E-19
 776.07754  2.477000E-19
 776.09238  3.026000E-19
 776.10721  1.579000E-19
 776.12205  8.150000E-20
 776.13688  6.976000E-20
 776.15172  6.022000E-20
 776.16655  5.508000E-20
 776.18138  5.385000E-20
 776.19622  5.354000E-20
 776.21105  6.368000E-20
 776.22589  9.781000E-20
 776.24072  1.500000E-19
 776.25556  1.506000E-19
 776.27039  9.237000E-20
 776.28523  7.339000E-20
 776.30006  1.386000E-19
 776.31490  2.880000E-19
 776.32973  2.610000E-19
 776.34456  1.166000E-19
 776.35940  7.003000E-20
 776.37423  5.285000E-20
 776.38907  4.998000E-20
 776.40390  5.360000E-20
 776.41874  5.428000E-20
 776.43357  5.896000E-20
 776.44841  8.394000E-20
 776.46324  1.375000E-19
 776.47807  1.559000E-19
 776.49291  9.973000E-20
 776.50774  6.287000E-20
 776.52258  7.532000E-20
 776.53741  1.882000E-19
 776.55225  3.077000E-19
 776.56708  2.121000E-19
 776.58192  9.506000E-20
 776.59675  6.427000E-20
 776.61159  4.786000E-20
 776.62642  4.505000E-20
 776.64125  4.748000E-20
 776.65609  5.437000E-20
 776.67092  6.988000E-20
 776.68576  1.263000E-19
 776.70059  1.578000E-19
 776.71543  1.103000E-19
 776.73026  6.425000E-20
 776.74510  5.311000E-20
 776.75993  8.667000E-20
 776.77477  2.233000E-19
 776.78960  2.743000E-19
 776.80443  1.517000E-19
 776.81927  8.217000E-20
 776.83410  6.461000E-20
 776.84894  5.490000E-20
 776.86377  5.190000E-20
 776.87861  5.139000E-20
 776.89344  6.359000E-20
 776.90828  1.086000E-19
 776.92311  1.553000E-19
 776.93794  1.274000E-19
 776.95278  8.750000E-20
 776.96761  7.454000E-20
 776.98245  7.898000E-20
 776.99728  1.492000E-19
 777.01212  2.741000E-19
 777.02695  2.287000E-19
 777.04179  9.751000E-20
 777.05662  5.693000E-20
 777.07146  5.004000E-20
 777.08629  5.631000E-20
 777.10112  5.887000E-20
 777.11596  6.313000E-20
 777.13079  8.999000E-20
 777.14563  1.342000E-19
 777.16046  1.201000E-19
 777.17530  8.780000E-20
 777.19013  7.560000E-20
 777.20497  6.751000E-20
 777.21980  8.631000E-20
 777.23463  1.950000E-19
 777.24947  2.768000E-19
 777.26430  1.681000E-19
 777.27914  6.905000E-20
 777.29397  4.477000E-20
 777.30881  4.355000E-20
 777.32364  4.511000E-20
 777.33848  4.711000E-20
 777.35331  7.572000E-20
 777.36815  1.182000E-19
 777.38298  1.130000E-19
 777.39781  8.157000E-20
 777.41265  6.884000E-20
 777.42748  5.691000E-20
 777.44232  5.691000E-20
 777.45715  1.042000E-19
 777.47199  2.330000E-19
 777.48682  2.336000E-19
 777.50166  1.043000E-19
 777.51649  4.890000E-20
 777.53133  4.190000E-20
 777.54616  4.409000E-20
 777.56099  4.398000E-20
 777.57583  6.285000E-20
 777.59066  9.927000E-20
 777.60550  9.935000E-20
 777.62033  8.066000E-20
 777.63517  7.673000E-20
 777.65000  6.961000E-20
 777.66484  5.978000E-20
 777.67967  6.883000E-20
 777.69450  1.624000E-19
 777.70934  2.577000E-19
 777.72417  1.706000E-19
 777.73901  6.646000E-20
 777.75384  4.955000E-20
 777.76868  4.871000E-20
 777.78351  4.935000E-20
 777.79835  6.316000E-20
 777.81318  9.413000E-20
 777.82802  8.871000E-20
 777.84285  6.781000E-20
 777.85768  6.642000E-20
 777.87252  6.535000E-20
 777.88735  5.602000E-20
 777.90219  5.655000E-20
 777.91702  1.000000E-19
 777.93186  2.155000E-19
 777.94669  2.279000E-19
 777.96153  1.013000E-19
 777.97636  4.592000E-20
 777.99119  4.285000E-20
 778.00603  4.340000E-20
 778.02086  6.034000E-20
 778.03570  9.635000E-20
 778.05053  9.255000E-20
 778.06537  6.956000E-20
 778.08020  7.249000E-20
 778.09504  7.223000E-20
 778.10987  6.372000E-20
 778.12471  6.003000E-20
 778.13954  6.953000E-20
 778.15437  1.495000E-19
 778.16921  2.431000E-19
 778.18404  1.684000E-19
 778.19888  7.344000E-20
 778.21371  5.623000E-20
 778.22855  5.515000E-20
 778.24338  6.816000E-20
 778.25822  9.114000E-20
 778.27305  8.791000E-20
 778.28788  6.758000E-20
 778.30272  7.559000E-20
 778.31755  8.044000E-20
 778.33239  7.888000E-20
 778.34722  7.160000E-20
 778.36206  6.706000E-20
 778.37689  9.938000E-20
 778.39173  2.039000E-19
 778.40656  2.132000E-19
 778.42140  9.995000E-20
 778.43623  5.095000E-20
 778.45106  4.984000E-20
 778.46590  6.484000E-20
 778.48073  9.116000E-20
 778.49557  8.365000E-20
 778.51040  8.365000E-20
 778.52524  5.978000E-20
 778.54007  6.734000E-20
 778.55491  6.742000E-20
 778.56974  6.187000E-20
 778.58458  5.691000E-20
 778.59941  6.741000E-20
 778.61424  1.453000E-19
 778.62908  2.188000E-19
 778.64391  1.357000E-19
 778.65875  4.818000E-20
 778.67358  3.881000E-20
 778.68842  5.256000E-20
 778.70325  8.067000E-20
 778.71809  7.476000E-20
 778.73292  5.258000E-20
 778.74775  5.404000E-20
 778.76259  6.681000E-20
 778.77742  6.919000E-20
 778.79226  6.088000E-20
 778.80709  5.129000E-20
 778.82193  4.990000E-20
 778.83676  9.467000E-20
 778.85160  1.979000E-19
 778.86643  1.917000E-19
 778.88127  8.826000E-20
 778.89610  5.677000E-20
 778.91093  6.764000E-20
 778.92577  8.501000E-20
 778.94060  7.442000E-20
 778.95544  5.363000E-20
 778.97027  5.224000E-20
 778.98511  6.792000E-20
 778.99994  7.841000E-20
 779.01478  7.460000E-20
 779.02961  6.681000E-20
 779.04444  6.263000E-20
 779.05928  7.554000E-20
 779.07411  1.491000E-19
 779.08895  1.979000E-19
 779.10378  1.134000E-19
 779.11862  5.815000E-20
 779.13345  6.692000E-20
 779.14829  8.670000E-20
 779.16312  7.987000E-20
 779.17796  5.694000E-20
 779.19279  4.918000E-20
 779.20762  5.561000E-20
 779.22246  6.699000E-20
 779.23729  7.184000E-20
 779.25213  7.199000E-20
 779.26696  7.042000E-20
 779.28180  7.735000E-20
 779.29663  1.252000E-19
 779.31147  1.968000E-19
 779.32630  1.532000E-19
 779.34114  7.383000E-20
 779.35597  7.078000E-20
 779.37080  8.495000E-20
 779.38564  7.734000E-20
 779.40047  6.667000E-20
 779.41531  7.096000E-20
 779.43014  7.273000E-20
 779.44498  8.052000E-20
 779.45981  8.178000E-20
 779.47465  7.557000E-20
 779.48948  7.052000E-20
 779.50431  7.035000E-20
 779.51915  9.393000E-20
 779.53398  1.679000E-19
 779.54882  1.784000E-19
 779.56365  1.051000E-19
 779.57849  8.603000E-20
 779.59332  9.126000E-20
 779.60816  7.442000E-20
 779.62299  6.368000E-20
 779.63783  6.545000E-20
 779.65266  6.923000E-20
 779.66749  8.259000E-20
 779.68233  9.438000E-20
 779.69716  9.715000E-20
 779.71200  9.251000E-20
 779.72683  8.542000E-20
 779.74167  8.936000E-20
 779.75650  1.384000E-19
 779.77134  1.832000E-19
 779.78617  1.333000E-19
 779.80100  1.018000E-19
 779.81584  1.076000E-19
 779.83067  9.713000E-20
 779.84551  8.974000E-20
 779.86034  8.844000E-20
 779.87518  8.995000E-20
 779.89001  9.361000E-20
 779.90485  1.023000E-19
 779.91968  1.102000E-19
 779.93452  1.152000E-19
 779.94935  1.154000E-19
 779.96418  1.183000E-19
 779.97902  1.518000E-19
 779.99385  2.072000E-19
 780.00869  1.824000E-19
 780.02352  1.314000E-19
 780.03836  1.277000E-19
 780.05319  1.237000E-19
 780.06803  1.241000E-19
 780.08286  1.270000E-19
 780.09769  1.310000E-19
 780.11253  1.344000E-19
 780.12736  1.357000E-19
 780.14220  1.300000E-19
 780.15703  1.211000E-19
 780.17187  1.113000E-19
 780.18670  1.084000E-19
 780.20154  1.267000E-19
 780.21637  1.777000E-19
 780.23121  1.811000E-19
 780.24604  1.291000E-19
 780.26087  1.039000E-19
 780.27571  9.065000E-20
 780.29054  8.614000E-20
 780.30538  8.878000E-20
 780.32021  9.456000E-20
 780.33505  1.052000E-19
 780.34988  1.225000E-19
 780.36472  1.328000E-19
 780.37955  1.327000E-19
 780.39439  1.273000E-19
 780.40922  1.243000E-19
 780.42405  1.317000E-19
 780.43889  1.757000E-19
 780.45372  2.106000E-19
 780.46856  1.794000E-19
 780.48339  1.479000E-19
 780.49823  1.397000E-19
 780.51306  1.407000E-19
 780.52790  1.484000E-19
 780.54273  1.516000E-19
 780.55756  1.528000E-19
 780.57240  1.569000E-19
 780.58723  1.595000E-19
 780.60207  1.538000E-19
 780.61690  1.471000E-19
 780.63174  1.436000E-19
 780.64657  1.460000E-19
 780.66141  1.693000E-19
 780.67624  2.003000E-19
 780.69108  1.738000E-19
 780.70591  1.306000E-19
 780.72074  1.213000E-19
 780.73558  1.267000E-19
 780.75041  1.327000E-19
 780.76525  1.375000E-19
 780.78008  1.425000E-19
 780.79492  1.501000E-19
 780.80975  1.597000E-19
 780.82459  1.639000E-19
 780.83942  1.639000E-19
 780.85425  1.695000E-19
 780.86909  1.761000E-19
 780.88392  1.992000E-19
 780.89876  2.479000E-19
 780.91359  2.514000E-19
 780.92843  2.163000E-19
 780.94326  2.104000E-19
 780.95810  2.174000E-19
 780.97293  2.258000E-19
 780.98777  2.334000E-19
 781.00260  2.449000E-19
 781.01743  2.661000E-19
 781.03227  2.834000E-19
 781.04710  2.919000E-19
 781.06194  2.980000E-19
 781.07677  3.017000E-19
 781.09161  3.052000E-19
 781.10644  3.139000E-19
 781.12128  3.350000E-19
 781.13611  3.172000E-19
 781.15095  2.670000E-19
 781.16578  2.571000E-19
 781.18061  2.628000E-19
 781.19545  2.614000E-19
 781.21028  2.528000E-19
 781.22512  2.323000E-19
 781.23995  2.108000E-19
 781.25479  1.996000E-19
 781.26962  2.002000E-19
 781.28446  2.072000E-19
 781.29929  2.133000E-19
 781.31412  2.144000E-19
 781.32896  2.191000E-19
 781.34379  2.349000E-19
 781.35863  2.264000E-19
 781.37346  1.822000E-19
 781.38830  1.647000E-19
 781.40313  1.775000E-19
 781.41797  1.871000E-19
 781.43280  1.895000E-19
 781.44764  1.937000E-19
 781.46247  2.027000E-19
 781.47730  2.112000E-19
 781.49214  2.184000E-19
 781.50697  2.194000E-19
 781.52181  2.309000E-19
 781.53664  2.469000E-19
 781.55148  2.609000E-19
 781.56631  2.809000E-19
 781.58115  3.013000E-19
 781.59598  2.963000E-19
 781.61081  2.898000E-19
 781.62565  2.921000E-19
 781.64048  2.966000E-19
 781.65532  3.068000E-19
 781.67015  3.163000E-19
 781.68499  3.246000E-19
 781.69982  3.370000E-19
 781.71466  3.444000E-19
 781.72949  3.453000E-19
 781.74433  3.525000E-19
 781.75916  3.499000E-19
 781.77399  3.333000E-19
 781.78883  3.352000E-19
 781.80366  3.576000E-19
 781.81850  3.586000E-19
 781.83333  3.542000E-19
 781.84817  3.655000E-19
 781.86300  3.732000E-19
 781.87784  3.860000E-19
 781.89267  4.050000E-19
 781.90751  4.218000E-19
 781.92234  4.396000E-19
 781.93717  4.624000E-19
 781.95201  4.842000E-19
 781.96684  5.035000E-19
 781.98168  5.368000E-19
 781.99651  5.865000E-19
 782.01135  6.212000E-19
 782.02618  6.273000E-19
 782.04102  6.212000E-19
 782.05585  6.267000E-19
 782.07068  6.418000E-19
 782.08552  6.578000E-19
 782.10035  6.811000E-19
 782.11519  7.010000E-19
 782.13002  7.077000E-19
 782.14486  7.007000E-19
 782.15969  6.851000E-19
 782.17453  6.689000E-19
 782.18936  6.499000E-19
 782.20420  5.859000E-19
 782.21903  4.938000E-19
 782.23386  4.259000E-19
 782.24870  3.708000E-19
 782.26353  3.079000E-19
 782.27837  2.729000E-19
 782.29320  2.659000E-19
 782.30804  2.600000E-19
 782.32287  2.518000E-19
 782.33771  2.424000E-19
 782.35254  2.285000E-19
 782.36737  2.258000E-19
 782.38221  2.478000E-19
 782.39704  2.578000E-19
 782.41188  2.388000E-19
 782.42671  2.135000E-19
 782.44155  1.940000E-19
 782.45638  1.880000E-19
 782.47122  1.951000E-19
 782.48605  1.959000E-19
 782.50089  1.807000E-19
 782.51572  1.801000E-19
 782.53055  2.034000E-19
 782.54539  2.188000E-19
 782.56022  2.142000E-19
 782.57506  2.082000E-19
 782.58989  2.118000E-19
 782.60473  2.192000E-19
 782.61956  2.264000E-19
 782.63440  2.375000E-19
 782.64923  2.578000E-19
 782.66406  2.764000E-19
 782.67890  2.925000E-19
 782.69373  2.932000E-19
 782.70857  2.833000E-19
 782.72340  2.834000E-19
 782.73824  2.935000E-19
 782.75307  3.051000E-19
 782.76791  3.164000E-19
 782.78274  3.298000E-19
 782.79758  3.474000E-19
 782.81241  3.603000E-19
 782.82724  3.618000E-19
 782.84208  3.674000E-19
 782.85691  3.826000E-19
 782.87175  3.962000E-19
 782.88658  4.114000E-19
 782.90142  4.299000E-19
 782.91625  4.558000E-19
 782.93109  4.823000E-19
 782.94592  5.066000E-19
 782.96076  5.330000E-19
 782.97559  5.565000E-19
 782.99042  5.779000E-19
 783.00526  5.976000E-19
 783.02009  6.222000E-19
 783.03493  6.532000E-19
 783.04976  6.781000E-19
 783.06460  6.994000E-19
 783.07943  7.328000E-19
 783.09427  7.646000E-19
 783.10910  7.759000E-19
 783.12393  7.662000E-19
 783.13877  9.165000E-19
 783.15360  9.562000E-19
 783.16844  9.972000E-19
 783.18327  1.033000E-18
 783.19811  1.061000E-18
 783.21294  1.087000E-18
 783.22778  1.115000E-18
 783.24261  1.132000E-18
 783.25745  1.139000E-18
 783.27228  1.134000E-18
 783.28711  1.111000E-18
 783.30195  1.066000E-18
 783.31678  1.006000E-18
 783.33162  9.176000E-19
 783.34645  6.281000E-19
 783.36129  4.764000E-19
 783.37612  2.254000E-19
 783.39096  1.164000E-19
 783.40579  1.036000E-19
 783.42062  9.793000E-20
 783.43546  9.483000E-20
 783.45029  9.718000E-20
 783.46513  1.034000E-19
 783.47996  1.112000E-19
 783.49480  1.180000E-19
 783.50963  1.183000E-19
 783.52447  1.142000E-19
 783.53930  1.120000E-19
 783.55414  1.118000E-19
 783.56897  1.116000E-19
 783.58380  1.143000E-19
 783.59864  1.219000E-19
 783.61347  1.293000E-19
 783.62831  1.284000E-19
 783.64314  1.286000E-19
 783.65798  1.305000E-19
 783.67281  1.272000E-19
 783.68765  1.263000E-19
 783.70248  1.345000E-19
 783.71732  1.400000E-19
 783.73215  1.434000E-19
 783.74698  1.459000E-19
 783.76182  1.554000E-19
 783.77665  1.730000E-19
 783.79149  1.900000E-19
 783.80632  1.901000E-19
 783.82116  1.580000E-19
 783.83599  9.173000E-20
 783.85083  3.529000E-20
 783.86566  1.877000E-20
 783.88049  2.158000E-20
 783.89533  2.657000E-20
 783.91016  3.415000E-20
 783.92500  4.207000E-20
 783.93983  4.182000E-20
 783.95467  2.999000E-20
 783.96950  2.554000E-20
 783.98434  2.958000E-20
 783.99917  2.847000E-20
 784.01401  3.146000E-20
 784.02884  4.359000E-20
 784.04367  4.531000E-20
 784.05851  3.759000E-20
 784.07334  3.406000E-20
 784.08818  3.617000E-20
 784.10301  3.710000E-20
 784.11785  3.613000E-20
 784.13268  4.166000E-20
 784.14752  5.299000E-20
 784.16235  5.081000E-20
 784.17718  3.809000E-20
 784.19202  3.966000E-20
 784.20685  4.333000E-20
 784.22169  3.711000E-20
 784.23652  3.928000E-20
 784.25136  4.823000E-20
 784.26619  4.253000E-20
 784.28103  3.001000E-20
 784.29586  2.788000E-20
 784.31070  2.924000E-20
 784.32553  2.943000E-20
 784.34036  3.643000E-20
 784.35520  5.052000E-20
 784.37003  5.476000E-20
 784.38487  3.624000E-20
 784.39970  2.706000E-20
 784.41454  3.363000E-20
 784.42937  4.244000E-20
 784.44421  4.485000E-20
 784.45904  5.330000E-20
 784.47387  6.182000E-20
 784.48871  5.426000E-20
 784.50354  3.902000E-20
 784.51838  3.379000E-20
 784.53321  2.954000E-20
 784.54805  2.989000E-20
 784.56288  4.433000E-20
 784.57772  6.311000E-20
 784.59255  5.835000E-20
 784.60739  3.971000E-20
 784.62222  3.210000E-20
 784.63705  3.623000E-20
 784.65189  3.561000E-20
 784.66672  3.033000E-20
 784.68156  3.703000E-20
 784.69639  5.087000E-20
 784.71123  4.646000E-20
 784.72606  3.806000E-20
 784.74090  3.313000E-20
 784.75573  2.760000E-20
 784.77057  3.596000E-20
 784.78540  5.785000E-20
 784.80023  6.263000E-20
 784.81507  4.486000E-20
 784.82990  3.317000E-20
 784.84474  3.875000E-20
 784.85957  4.989000E-20
 784.87441  4.815000E-20
 784.88924  4.248000E-20
 784.90408  5.033000E-20
 784.91891  5.910000E-20
 784.93374  4.100000E-20
 784.94858  2.416000E-20
 784.96341  2.176000E-20
 784.97825  2.880000E-20
 784.99308  5.439000E-20
 785.00792  7.784000E-20
 785.02275  6.310000E-20
 785.03759  4.065000E-20
 785.05242  3.217000E-20
 785.06726  3.572000E-20
 785.08209  3.902000E-20
 785.09692  3.511000E-20
 785.11176  3.955000E-20
 785.12659  6.328000E-20
 785.14143  7.595000E-20
 785.15626  5.276000E-20
 785.17110  3.321000E-20
 785.18593  3.013000E-20
 785.20077  4.079000E-20
 785.21560  6.762000E-20
 785.23043  6.865000E-20
 785.24527  5.058000E-20
 785.26010  4.587000E-20
 785.27494  5.175000E-20
 785.28977  6.340000E-20
 785.30461  5.803000E-20
 785.31944  4.182000E-20
 785.33428  4.446000E-20
 785.34911  6.899000E-20
 785.36395  7.176000E-20
 785.37878  4.180000E-20
 785.39361  3.195000E-20
 785.40845  4.230000E-20
 785.42328  7.077000E-20
 785.43812  8.200000E-20
 785.45295  6.262000E-20
 785.46779  5.094000E-20
 785.48262  4.973000E-20
 785.49746  5.764000E-20
 785.51229  6.249000E-20
 785.52713  4.902000E-20
 785.54196  4.394000E-20
 785.55679  6.168000E-20
 785.57163  9.044000E-20
 785.58646  7.851000E-20
 785.60130  4.152000E-20
 785.61613  3.661000E-20
 785.63097  6.652000E-20
 785.64580  9.282000E-20
 785.66064  7.635000E-20
 785.67547  6.326000E-20
 785.69030  6.020000E-20
 785.70514  6.485000E-20
 785.71997  7.057000E-20
 785.73481  5.857000E-20
 785.74964  4.253000E-20
 785.76448  4.341000E-20
 785.77931  7.182000E-20
 785.79415  1.023000E-19
 785.80898  7.516000E-20
 785.82382  4.390000E-20
 785.83865  5.674000E-20
 785.85348  8.532000E-20
 785.86832  8.289000E-20
 785.88315  6.694000E-20
 785.89799  6.169000E-20
 785.91282  6.256000E-20
 785.92766  6.737000E-20
 785.94249  6.732000E-20
 785.95733  5.526000E-20
 785.97216  4.784000E-20
 785.98699  5.553000E-20
 786.00183  8.592000E-20
 786.01666  1.011000E-19
 786.03150  6.288000E-20
 786.04633  5.219000E-20
 786.06117  8.661000E-20
 786.07600  9.390000E-20
 786.09084  8.495000E-20
 786.10567  8.204000E-20
 786.12051  7.425000E-20
 786.13534  7.024000E-20
 786.15017  6.773000E-20
 786.16501  6.183000E-20
 786.17984  5.004000E-20
 786.19468  5.095000E-20
 786.20951  6.861000E-20
 786.22435  1.085000E-19
 786.23918  1.092000E-19
 786.25402  6.707000E-20
 786.26885  7.908000E-20
 786.28368  9.024000E-20
 786.29852  7.371000E-20
 786.31335  7.038000E-20
 786.32819  7.375000E-20
 786.34302  6.923000E-20
 786.35786  6.544000E-20
 786.37269  7.240000E-20
 786.38753  6.272000E-20
 786.40236  5.099000E-20
 786.41720  5.184000E-20
 786.43203  7.846000E-20
 786.44686  1.272000E-19
 786.46170  1.132000E-19
 786.47653  9.658000E-20
 786.49137  1.088000E-19
 786.50620  9.146000E-20
 786.52104  8.581000E-20
 786.53587  8.836000E-20
 786.55071  8.092000E-20
 786.56554  6.659000E-20
 786.58038  6.969000E-20
 786.59521  6.894000E-20
 786.61004  5.866000E-20
 786.62488  5.219000E-20
 786.63971  5.556000E-20
 786.65455  1.015000E-19
 786.66938  1.465000E-19
 786.68422  1.213000E-19
 786.69905  1.006000E-19
 786.71389  8.348000E-20
 786.72872  7.976000E-20
 786.74355  8.556000E-20
 786.75839  7.771000E-20
 786.77322  6.712000E-20
 786.78806  7.520000E-20
 786.80289  8.335000E-20
 786.81773  7.032000E-20
 786.83256  6.024000E-20
 786.84740  5.386000E-20
 786.86223  7.190000E-20
 786.87707  1.397000E-19
 786.89190  1.747000E-19
 786.90673  1.412000E-19
 786.92157  1.050000E-19
 786.93640  9.677000E-20
 786.95124  1.007000E-19
 786.96607  8.744000E-20
 786.98091  7.032000E-20
 786.99574  6.644000E-20
 787.01058  7.604000E-20
 787.02541  7.384000E-20
 787.04024  6.564000E-20
 787.05508  5.376000E-20
 787.06991  4.689000E-20
 787.08475  9.016000E-20
 787.09958  1.811000E-19
 787.11442  1.809000E-19
 787.12925  1.085000E-19
 787.14409  8.606000E-20
 787.15892  9.599000E-20
 787.17376  9.108000E-20
 787.18859  7.961000E-20
 787.20342  7.267000E-20
 787.21826  7.819000E-20
 787.23309  8.343000E-20
 787.24793  7.023000E-20
 787.26276  5.849000E-20
 787.27760  5.095000E-20
 787.29243  7.162000E-20
 787.30727  1.717000E-19
 787.32210  2.471000E-19
 787.33694  1.620000E-19
 787.35177  9.691000E-20
 787.36660  9.951000E-20
 787.38144  8.970000E-20
 787.39627  7.078000E-20
 787.41111  6.419000E-20
 787.42594  7.143000E-20
 787.44078  8.701000E-20
 787.45561  8.083000E-20
 787.47045  6.279000E-20
 787.48528  5.036000E-20
 787.50011  5.287000E-20
 787.51495  1.137000E-19
 787.52978  2.214000E-19
 787.54462  1.960000E-19
 787.55945  1.086000E-19
 787.57429  1.064000E-19
 787.58912  1.078000E-19
 787.60396  9.549000E-20
 787.61879  7.825000E-20
 787.63363  7.626000E-20
 787.64846  8.827000E-20
 787.66329  8.959000E-20
 787.67813  7.003000E-20
 787.69296  6.175000E-20
 787.70780  5.820000E-20
 787.72263  1.053000E-19
 787.73747  2.292000E-19
 787.75230  2.679000E-19
 787.76714  1.559000E-19
 787.78197  1.068000E-19
 787.79680  9.558000E-20
 787.81164  8.422000E-20
 787.82647  7.457000E-20
 787.84131  7.496000E-20
 787.85614  8.805000E-20
 787.87098  1.003000E-19
 787.88581  7.514000E-20
 787.90065  5.569000E-20
 787.91548  4.817000E-20
 787.93032  7.797000E-20
 787.94515  1.751000E-19
 787.95998  2.651000E-19
 787.97482  2.172000E-19
 787.98965  1.344000E-19
 788.00449  1.072000E-19
 788.01932  9.528000E-20
 788.03416  8.349000E-20
 788.04899  7.418000E-20
 788.06383  8.468000E-20
 788.07866  1.012000E-19
 788.09349  8.865000E-20
 788.10833  6.417000E-20
 788.12316  6.161000E-20
 788.13800  8.996000E-20
 788.15283  1.583000E-19
 788.16767  2.273000E-19
 788.18250  2.503000E-19
 788.19734  1.654000E-19
 788.21217  9.960000E-20
 788.22701  8.814000E-20
 788.24184  8.503000E-20
 788.25667  8.362000E-20
 788.27151  9.071000E-20
 788.28634  1.053000E-19
 788.30118  1.024000E-19
 788.31601  7.457000E-20
 788.33085  6.472000E-20
 788.34568  8.999000E-20
 788.36052  1.451000E-19
 788.37535  1.846000E-19
 788.39019  2.540000E-19
 788.40502  2.360000E-19
 788.41985  1.340000E-19
 788.43469  9.941000E-20
 788.44952  8.924000E-20
 788.46436  8.132000E-20
 788.47919  7.960000E-20
 788.49403  9.498000E-20
 788.50886  1.001000E-19
 788.52370  7.846000E-20
 788.53853  7.174000E-20
 788.55336  1.043000E-19
 788.56820  1.527000E-19
 788.58303  1.570000E-19
 788.59787  2.139000E-19
 788.61270  2.662000E-19
 788.62754  1.643000E-19
 788.64237  9.911000E-20
 788.65721  9.851000E-20
 788.67204  9.299000E-20
 788.68688  8.595000E-20
 788.70171  9.747000E-20
 788.71654  1.073000E-19
 788.73138  8.561000E-20
 788.74621  7.019000E-20
 788.76105  1.015000E-19
 788.77588  1.428000E-19
 788.79072  1.267000E-19
 788.80555  1.602000E-19
 788.82039  2.687000E-19
 788.83522  2.267000E-19
 788.85005  1.239000E-19
 788.86489  1.012000E-19
 788.87972  9.344000E-20
 788.89456  8.830000E-20
 788.90939  9.362000E-20
 788.92423  1.134000E-19
 788.93906  1.060000E-19
 788.95390  9.043000E-20
 788.96873  1.246000E-19
 788.98357  1.706000E-19
 788.99840  1.393000E-19
 789.01323  1.290000E-19
 789.02807  2.300000E-19
 789.04290  2.624000E-19
 789.05774  1.473000E-19
 789.07257  1.011000E-19
 789.08741  1.040000E-19
 789.10224  9.631000E-20
 789.11708  8.841000E-20
 789.13191  1.034000E-19
 789.14675  9.835000E-20
 789.16158  8.274000E-20
 789.17641  1.159000E-19
 789.19125  1.576000E-19
 789.20608  1.223000E-19
 789.22092  1.045000E-19
 789.23575  1.947000E-19
 789.25059  2.981000E-19
 789.26542  2.127000E-19
 789.28026  1.149000E-19
 789.29509  1.063000E-19
 789.30992  1.015000E-19
 789.32476  9.394000E-20
 789.33959  1.106000E-19
 789.35443  1.180000E-19
 789.36926  1.098000E-19
 789.38410  1.444000E-19
 789.39893  1.706000E-19
 789.41377  1.198000E-19
 789.42860  8.155000E-20
 789.44344  1.361000E-19
 789.45827  2.721000E-19
 789.47310  2.602000E-19
 789.48794  1.346000E-19
 789.50277  1.070000E-19
 789.51761  1.085000E-19
 789.53244  1.013000E-19
 789.54728  1.056000E-19
 789.56211  1.141000E-19
 789.57695  1.051000E-19
 789.59178  1.491000E-19
 789.60661  1.693000E-19
 789.62145  1.132000E-19
 789.63628  8.088000E-20
 789.65112  1.206000E-19
 789.66595  2.516000E-19
 789.68079  3.105000E-19
 789.69562  1.792000E-19
 789.71046  1.101000E-19
 789.72529  1.000000E-19
 789.74013  9.774000E-20
 789.75496  1.083000E-19
 789.76979  1.273000E-19
 789.78463  1.325000E-19
 789.79946  1.705000E-19
 789.81430  1.614000E-19
 789.82913  9.733000E-20
 789.84397  6.604000E-20
 789.85880  8.517000E-20
 789.87364  1.917000E-19
 789.88847  3.167000E-19
 789.90331  2.266000E-19
 789.91814  1.199000E-19
 789.93297  1.071000E-19
 789.94781  1.021000E-19
 789.96264  1.083000E-19
 789.97748  1.254000E-19
 789.99231  1.423000E-19
 790.00715  1.842000E-19
 790.02198  1.579000E-19
 790.03682  9.640000E-20
 790.05165  7.587000E-20
 790.06648  8.312000E-20
 790.08132  1.671000E-19
 790.09615  3.231000E-19
 790.11099  2.847000E-19
 790.12582  1.394000E-19
 790.14066  1.017000E-19
 790.15549  1.035000E-19
 790.17033  1.194000E-19
 790.18516  1.431000E-19
 790.20000  1.677000E-19
 790.21483  1.888000E-19
 790.22966  1.374000E-19
 790.24450  7.885000E-20
 790.25933  6.353000E-20
 790.27417  6.374000E-20
 790.28900  1.294000E-19
 790.30384  2.950000E-19
 790.31867  3.290000E-19
 790.33351  1.748000E-19
 790.34834  1.079000E-19
 790.36317  9.916000E-20
 790.37801  1.091000E-19
 790.39284  1.384000E-19
 790.40768  1.794000E-19
 790.42251  1.793000E-19
 790.43735  1.134000E-19
 790.45218  7.485000E-20
 790.46702  7.430000E-20
 790.48185  7.167000E-20
 790.49669  1.072000E-19
 790.51152  2.526000E-19
 790.52635  3.466000E-19
 790.54119  2.102000E-19
 790.55602  1.159000E-19
 790.57086  1.038000E-19
 790.58569  1.165000E-19
 790.60053  1.581000E-19
 790.61536  1.981000E-19
 790.63020  1.587000E-19
 790.64503  9.233000E-20
 790.65986  6.662000E-20
 790.67470  5.546000E-20
 790.68953  5.819000E-20
 790.70437  9.762000E-20
 790.71920  2.308000E-19
 790.73404  3.679000E-19
 790.74887  2.619000E-19
 790.76371  1.353000E-19
 790.77854  1.108000E-19
 790.79338  1.180000E-19
 790.80821  1.734000E-19
 790.82304  2.129000E-19
 790.83788  1.459000E-19
 790.85271  8.244000E-20
 790.86755  7.196000E-20
 790.88238  6.865000E-20
 790.89722  7.138000E-20
 790.91205  9.628000E-20
 790.92689  1.993000E-19
 790.94172  3.559000E-19
 790.95656  2.893000E-19
 790.97139  1.409000E-19
 790.98622  1.151000E-19
 791.00106  1.349000E-19
 791.01589  2.054000E-19
 791.03073  2.187000E-19
 791.04556  1.295000E-19
 791.06040  7.416000E-20
 791.07523  6.169000E-20
 791.09007  5.582000E-20
 791.10490  5.582000E-20
 791.11973  8.893000E-20
 791.13457  1.793000E-19
 791.14940  3.462000E-19
 791.16424  3.205000E-19
 791.17907  1.568000E-19
 791.19391  1.112000E-19
 791.20874  1.429000E-19
 791.22358  2.191000E-19
 791.23841  1.993000E-19
 791.25325  1.089000E-19
 791.26808  7.738000E-20
 791.28291  7.381000E-20
 791.29775  7.258000E-20
 791.31258  7.463000E-20
 791.32742  8.711000E-20
 791.34225  1.546000E-19
 791.35709  3.271000E-19
 791.37192  3.493000E-19
 791.38676  1.827000E-19
 791.40159  1.239000E-19
 791.41642  1.716000E-19
 791.43126  2.225000E-19
 791.44609  1.599000E-19
 791.46093  8.428000E-20
 791.47576  6.363000E-20
 791.49060  5.705000E-20
 791.50543  5.803000E-20
 791.52027  6.547000E-20
 791.53510  8.553000E-20
 791.54994  1.481000E-19
 791.56477  3.184000E-19
 791.57960  3.671000E-19
 791.59444  1.974000E-19
 791.60927  1.315000E-19
 791.62411  1.882000E-19
 791.63894  2.033000E-19
 791.65378  1.289000E-19
 791.66861  8.068000E-20
 791.68345  7.722000E-20
 791.69828  7.901000E-20
 791.71312  7.502000E-20
 791.72795  7.248000E-20
 791.74278  8.432000E-20
 791.75762  1.352000E-19
 791.77245  2.962000E-19
 791.78729  3.713000E-19
 791.80212  2.233000E-19
 791.81696  1.679000E-19
 791.83179  2.174000E-19
 791.84663  1.922000E-19
 791.86146  1.080000E-19
 791.87629  6.559000E-20
 791.89113  5.543000E-20
 791.90596  5.637000E-20
 791.92080  6.460000E-20
 791.93563  7.334000E-20
 791.95047  8.647000E-20
 791.96530  1.340000E-19
 791.98014  2.915000E-19
 791.99497  3.827000E-19
 792.00981  2.405000E-19
 792.02464  1.798000E-19
 792.03947  2.096000E-19
 792.05431  1.576000E-19
 792.06914  9.341000E-20
 792.08398  7.318000E-20
 792.09881  7.402000E-20
 792.11365  7.074000E-20
 792.12848  7.231000E-20
 792.14332  7.807000E-20
 792.15815  8.991000E-20
 792.17298  1.267000E-19
 792.18782  2.760000E-19
 792.20265  3.914000E-19
 792.21749  2.762000E-19
 792.23232  2.082000E-19
 792.24716  1.916000E-19
 792.26199  1.200000E-19
 792.27683  7.274000E-20
 792.29166  5.823000E-20
 792.30650  5.939000E-20
 792.32133  5.522000E-20
 792.33616  6.530000E-20
 792.35100  8.081000E-20
 792.36583  9.972000E-20
 792.38067  1.367000E-19
 792.39550  2.849000E-19
 792.41034  4.069000E-19
 792.42517  3.025000E-19
 792.44001  2.108000E-19
 792.45484  1.690000E-19
 792.46967  1.119000E-19
 792.48451  7.975000E-20
 792.49934  7.305000E-20
 792.51418  7.694000E-20
 792.52901  6.903000E-20
 792.54385  7.168000E-20
 792.55868  7.895000E-20
 792.57352  9.331000E-20
 792.58835  1.320000E-19
 792.60319  2.917000E-19
 792.61802  4.276000E-19
 792.63285  3.234000E-19
 792.64769  1.911000E-19
 792.66252  1.326000E-19
 792.67736  9.040000E-20
 792.69219  6.405000E-20
 792.70703  5.734000E-20
 792.72186  5.827000E-20
 792.73670  5.803000E-20
 792.75153  7.191000E-20
 792.76637  8.626000E-20
 792.78120  9.955000E-20
 792.79603  1.389000E-19
 792.81087  3.010000E-19
 792.82570  4.446000E-19
 792.84054  3.158000E-19
 792.85537  1.571000E-19
 792.87021  1.171000E-19
 792.88504  8.919000E-20
 792.89988  7.172000E-20
 792.91471  6.779000E-20
 792.92954  6.924000E-20
 792.94438  6.745000E-20
 792.95921  7.228000E-20
 792.97405  7.644000E-20
 792.98888  9.329000E-20
 793.00372  1.423000E-19
 793.01855  3.238000E-19
 793.03339  4.619000E-19
 793.04822  2.824000E-19
 793.06306  1.302000E-19
 793.07789  1.079000E-19
 793.09272  8.007000E-20
 793.10756  6.213000E-20
 793.12239  5.371000E-20
 793.13723  5.475000E-20
 793.15206  5.581000E-20
 793.16690  7.521000E-20
 793.18173  9.031000E-20
 793.19657  1.041000E-19
 793.21140  1.538000E-19
 793.22623  3.344000E-19
 793.24107  4.053000E-19
 793.25590  2.129000E-19
 793.27074  1.108000E-19
 793.28557  9.616000E-20
 793.30041  7.471000E-20
 793.31524  7.123000E-20
 793.33008  6.800000E-20
 793.34491  6.794000E-20
 793.35975  6.783000E-20
 793.37458  7.727000E-20
 793.38941  8.205000E-20
 793.40425  9.396000E-20
 793.41908  1.906000E-19
 793.43392  4.167000E-19
 793.44875  4.212000E-19
 793.46359  2.016000E-19
 793.47842  1.186000E-19
 793.49326  9.326000E-20
 793.50809  6.785000E-20
 793.52293  5.667000E-20
 793.53776  5.658000E-20
 793.55259  6.392000E-20
 793.56743  7.305000E-20
 793.58226  8.521000E-20
 793.59710  8.685000E-20
 793.61193  1.083000E-19
 793.62677  2.295000E-19
 793.64160  4.067000E-19
 793.65644  3.574000E-19
 793.67127  1.698000E-19
 793.68610  1.007000E-19
 793.70094  8.105000E-20
 793.71577  6.983000E-20
 793.73061  6.580000E-20
 793.74544  6.730000E-20
 793.76028  7.488000E-20
 793.77511  7.957000E-20
 793.78995  8.108000E-20
 793.80478  8.939000E-20
 793.81962  1.404000E-19
 793.83445  2.572000E-19
 793.84928  3.882000E-19
 793.86412  3.215000E-19
 793.87895  1.512000E-19
 793.89379  9.092000E-20
 793.90862  6.895000E-20
 793.92346  5.827000E-20
 793.93829  4.793000E-20
 793.95313  5.016000E-20
 793.96796  6.469000E-20
 793.98279  7.401000E-20
 793.99763  8.089000E-20
 794.01246  1.168000E-19
 794.02730  1.733000E-19
 794.04213  2.509000E-19
 794.05697  3.640000E-19
 794.07180  2.888000E-19
 794.08664  1.351000E-19
 794.10147  8.394000E-20
 794.11631  6.572000E-20
 794.13114  6.764000E-20
 794.14597  6.607000E-20
 794.16081  7.128000E-20
 794.17564  7.161000E-20
 794.19048  7.580000E-20
 794.20531  9.591000E-20
 794.22015  1.423000E-19
 794.23498  1.592000E-19
 794.24982  2.466000E-19
 794.26465  3.675000E-19
 794.27948  2.563000E-19
 794.29432  1.165000E-19
 794.30915  7.401000E-20
 794.32399  5.926000E-20
 794.33882  5.664000E-20
 794.35366  5.678000E-20
 794.36849  6.399000E-20
 794.38333  6.930000E-20
 794.39816  9.012000E-20
 794.41300  1.372000E-19
 794.42783  1.555000E-19
 794.44266  1.479000E-19
 794.45750  2.740000E-19
 794.47233  3.529000E-19
 794.48717  2.055000E-19
 794.50200  9.180000E-20
 794.51684  7.023000E-20
 794.53167  6.546000E-20
 794.54651  7.017000E-20
 794.56134  7.116000E-20
 794.57618  6.874000E-20
 794.59101  7.540000E-20
 794.60584  1.118000E-19
 794.62068  1.377000E-19
 794.63551  1.083000E-19
 794.65035  1.422000E-19
 794.66518  3.066000E-19
 794.68002  3.258000E-19
 794.69485  1.564000E-19
 794.70969  7.044000E-20
 794.72452  5.472000E-20
 794.73935  5.192000E-20
 794.75419  5.164000E-20
 794.76902  4.946000E-20
 794.78386  6.105000E-20
 794.79869  1.016000E-19
 794.81353  1.466000E-19
 794.82836  1.207000E-19
 794.84320  9.427000E-20
 794.85803  1.818000E-19
 794.87287  3.346000E-19
 794.88770  2.825000E-19
 794.90253  1.177000E-19
 794.91737  6.522000E-20
 794.93220  6.253000E-20
 794.94704  6.639000E-20
 794.96187  5.997000E-20
 794.97671  6.394000E-20
 794.99154  8.430000E-20
 795.00638  1.226000E-19
 795.02121  1.092000E-19
 795.03604  6.840000E-20
 795.05088  8.868000E-20
 795.06571  2.226000E-19
 795.08055  3.442000E-19
 795.09538  2.152000E-19
 795.11022  7.862000E-20
 795.12505  6.222000E-20
 795.13989  6.222000E-20
 795.15472  5.111000E-20
 795.16956  5.253000E-20
 795.18439  7.798000E-20
 795.19922  1.240000E-19
 795.21406  1.288000E-19
 795.22889  8.366000E-20
 795.24373  7.421000E-20
 795.25856  1.263000E-19
 795.27340  2.819000E-19
 795.28823  3.177000E-19
 795.30307  1.480000E-19
 795.31790  6.229000E-20
 795.33274  5.419000E-20
 795.34757  4.898000E-20
 795.36240  5.513000E-20
 795.37724  7.358000E-20
 795.39207  1.133000E-19
 795.40691  1.192000E-19
 795.42174  7.295000E-20
 795.43658  5.036000E-20
 795.45141  6.502000E-20
 795.46625  1.600000E-19
 795.48108  3.151000E-19
 795.49591  2.554000E-19
 795.51075  9.283000E-20
 795.52558  5.118000E-20
 795.54042  4.490000E-20
 795.55525  4.409000E-20
 795.57009  5.616000E-20
 795.58492  9.893000E-20
 795.59976  1.265000E-19
 795.61459  9.258000E-20
 795.62943  6.752000E-20
 795.64426  7.007000E-20
 795.65909  9.809000E-20
 795.67393  2.189000E-19
 795.68876  3.124000E-19
 795.70360  1.777000E-19
 795.71843  6.197000E-20
 795.73327  4.779000E-20
 795.74810  4.362000E-20
 795.76294  5.637000E-20
 795.77777  9.955000E-20
 795.79260  1.286000E-19
 795.80744  8.469000E-20
 795.82227  5.081000E-20
 795.83711  4.905000E-20
 795.85194  5.830000E-20
 795.86678  1.194000E-19
 795.88161  2.746000E-19
 795.89645  2.820000E-19
 795.91128  1.164000E-19
 795.92612  4.754000E-20
 795.94095  4.634000E-20
 795.95578  5.103000E-20
 795.97062  8.173000E-20
 795.98545  1.149000E-19
 796.00029  8.011000E-20
 796.01512  4.523000E-20
 796.02996  4.731000E-20
 796.04479  5.657000E-20
 796.05963  8.178000E-20
 796.07446  1.866000E-19
 796.08929  2.968000E-19
 796.10413  1.864000E-19
 796.11896  5.568000E-20
 796.13380  4.137000E-20
 796.14863  5.011000E-20
 796.16347  8.293000E-20
 796.17830  1.183000E-19
 796.19314  9.539000E-20
 796.20797  5.592000E-20
 796.22281  5.046000E-20
 796.23764  4.980000E-20
 796.25247  5.580000E-20
 796.26731  1.032000E-19
 796.28214  2.388000E-19
 796.29698  2.637000E-19
 796.31181  1.168000E-19
 796.32665  4.613000E-20
 796.34148  4.965000E-20
 796.35632  7.734000E-20
 796.37115  1.036000E-19
 796.38599  7.899000E-20
 796.40082  4.328000E-20
 796.41565  3.559000E-20
 796.43049  4.479000E-20
 796.44532  5.482000E-20
 796.46016  7.818000E-20
 796.47499  1.686000E-19
 796.48983  2.741000E-19
 796.50466  1.925000E-19
 796.51950  6.260000E-20
 796.53433  4.430000E-20
 796.54916  7.524000E-20
 796.56400  1.117000E-19
 796.57883  8.877000E-20
 796.59367  5.827000E-20
 796.60850  4.982000E-20
 796.62334  4.857000E-20
 796.63817  4.759000E-20
 796.65301  5.307000E-20
 796.66784  9.532000E-20
 796.68268  2.103000E-19
 796.69751  2.371000E-19
 796.71234  1.074000E-19
 796.72718  4.991000E-20
 796.74201  7.336000E-20
 796.75685  1.001000E-19
 796.77168  7.522000E-20
 796.78652  3.990000E-20
 796.80135  3.427000E-20
 796.81619  3.896000E-20
 796.83102  4.797000E-20
 796.84585  5.446000E-20
 796.86069  7.872000E-20
 796.87552  1.592000E-19
 796.89036  2.531000E-19
 796.90519  1.748000E-19
 796.92003  6.354000E-20
 796.93486  6.822000E-20
 796.94970  9.321000E-20
 796.96453  7.081000E-20
 796.97937  4.222000E-20
 796.99420  4.536000E-20
 797.00903  4.896000E-20
 797.02387  5.152000E-20
 797.03870  5.199000E-20
 797.05354  5.703000E-20
 797.06837  9.542000E-20
 797.08321  1.985000E-19
 797.09804  2.124000E-19
 797.11288  9.842000E-20
 797.12771  7.135000E-20
 797.14255  9.147000E-20
 797.15738  6.721000E-20
 797.17221  3.973000E-20
 797.18705  3.790000E-20
 797.20188  3.688000E-20
 797.21672  3.735000E-20
 797.23155  4.497000E-20
 797.24639  5.342000E-20
 797.26122  7.600000E-20
 797.27606  1.563000E-19
 797.29089  2.376000E-19
 797.30572  1.612000E-19
 797.32056  8.399000E-20
 797.33539  8.313000E-20
 797.35023  5.806000E-20
 797.36506  3.987000E-20
 797.37990  3.705000E-20
 797.39473  4.192000E-20
 797.40957  4.511000E-20
 797.42440  4.511000E-20
 797.43924  4.505000E-20
 797.45407  4.959000E-20
 797.46890  9.202000E-20
 797.48374  1.901000E-19
 797.49857  1.892000E-19
 797.51341  1.043000E-19
 797.52824  8.197000E-20
 797.54308  5.554000E-20
 797.55791  4.048000E-20
 797.57275  4.129000E-20
 797.58758  4.240000E-20
 797.60241  3.530000E-20
 797.61725  3.301000E-20
 797.63208  3.817000E-20
 797.64692  4.948000E-20
 797.66175  7.437000E-20
 797.67659  1.558000E-19
 797.69142  2.165000E-19
 797.70626  1.449000E-19
 797.72109  7.629000E-20
 797.73593  4.288000E-20
 797.75076  2.968000E-20
 797.76559  3.139000E-20
 797.78043  3.384000E-20
 797.79526  3.575000E-20
 797.81010  3.705000E-20
 797.82493  4.145000E-20
 797.83977  4.614000E-20
 797.85460  5.712000E-20
 797.86944  5.712000E-20
 797.88427  1.971000E-19
 797.89911  1.721000E-19
 797.91394  7.913000E-20
 797.92877  4.047000E-20
 797.94361  3.550000E-20
 797.95844  4.031000E-20
 797.97328  4.133000E-20
 797.98811  3.741000E-20
 798.00295  2.843000E-20
 798.01778  2.964000E-20
 798.03262  3.672000E-20
 798.04745  4.645000E-20
 798.06228  8.055000E-20
 798.07712  1.806000E-19
 798.09195  2.088000E-19
 798.10679  1.011000E-19
 798.12162  3.550000E-20
 798.13646  2.474000E-20
 798.15129  2.684000E-20
 798.16613  2.910000E-20
 798.18096  2.990000E-20
 798.19580  2.918000E-20
 798.21063  3.070000E-20
 798.22546  3.474000E-20
 798.24030  3.474000E-20
 798.25513  5.650000E-20
 798.26997  1.419000E-19
 798.28480  2.027000E-19
 798.29964  1.069000E-19
 798.31447  2.676000E-20
 798.32931  1.764000E-20
 798.34414  2.359000E-20
 798.35897  3.362000E-20
 798.37381  3.450000E-20
 798.38864  3.308000E-20
 798.40348  3.203000E-20
 798.41831  3.486000E-20
 798.43315  3.623000E-20
 798.44798  4.571000E-20
 798.46282  1.094000E-19
 798.47765  1.874000E-19
 798.49249  1.270000E-19
 798.50732  4.355000E-20
 798.52215  2.921000E-20
 798.53699  2.924000E-20
 798.55182  3.005000E-20
 798.56666  2.817000E-20
 798.58149  2.603000E-20
 798.59633  2.788000E-20
 798.61116  3.627000E-20
 798.62600  4.180000E-20
 798.64083  5.229000E-20
 798.65566  1.069000E-19
 798.67050  1.838000E-19
 798.68533  1.415000E-19
 798.70017  4.696000E-20
 798.71500  1.852000E-20
 798.72984  1.834000E-20
 798.74467  2.673000E-20
 798.75951  2.981000E-20
 798.77434  3.095000E-20
 798.78918  2.708000E-20
 798.80401  2.740000E-20
 798.81884  3.139000E-20
 798.83368  3.897000E-20
 798.84851  7.570000E-20
 798.86335  1.474000E-19
 798.87818  1.444000E-19
 798.89302  6.408000E-20
 798.90785  3.420000E-20
 798.92269  3.763000E-20
 798.93752  3.750000E-20
 798.95236  2.953000E-20
 798.96719  2.389000E-20
 798.98202  2.265000E-20
 798.99686  3.141000E-20
 799.01169  4.022000E-20
 799.02653  4.541000E-20
 799.04136  6.934000E-20
 799.05620  1.222000E-19
 799.07103  1.436000E-19
 799.08587  7.365000E-20
 799.10070  2.108000E-20
 799.11553  1.055000E-20
 799.13037  1.162000E-20
 799.14520  1.842000E-20
 799.16004  1.670000E-20
 799.17487  1.910000E-20
 799.18971  2.832000E-20
 799.20454  3.860000E-20
 799.21938  4.979000E-20
 799.23421  5.990000E-20
 799.24905  9.171000E-20
 799.26388  1.323000E-19
 799.27871  8.183000E-20
 799.29355  2.913000E-20
 799.30838  2.217000E-20
 799.32322  2.287000E-20
 799.33805  2.429000E-20
 799.35289  2.092000E-20
 799.36772  1.831000E-20
 799.38256  2.012000E-20
 799.39739  3.017000E-20
 799.41222  4.013000E-20
 799.42706  4.293000E-20
 799.44189  7.034000E-20
 799.45673  1.248000E-19
 799.47156  8.992000E-20
 799.48640  2.659000E-20
 799.50123  1.261000E-20
 799.51607  1.017000E-20
 799.53090  1.002000E-20
 799.54574  7.477000E-21
 799.56057  1.031000E-20
 799.57540  2.088000E-20
 799.59024  3.949000E-20
 799.60507  4.488000E-20
 799.61991  3.450000E-20
 799.63474  5.335000E-20
 799.64958  1.071000E-19
 799.66441  8.479000E-20
 799.67925  2.545000E-20
 799.69408  1.559000E-20
 799.70892  1.892000E-20
 799.72375  2.034000E-20
 799.73858  2.079000E-20
 799.75342  2.422000E-20
 799.76825  3.077000E-20
 799.78309  3.077000E-20
 799.79792  3.725000E-20
 799.81276  2.804000E-20
 799.82759  5.177000E-20
 799.84243  1.065000E-19
 799.85726  9.415000E-20
 799.87209  3.303000E-20
 799.88693  1.546000E-20
 799.90176  1.621000E-20
 799.91660  1.461000E-20
 799.93143  1.144000E-20
 799.94627  1.560000E-20
 799.96110  2.904000E-20
 799.97594  4.351000E-20
 799.99077  3.688000E-20
 800.00561  2.788000E-20
 800.02044  4.623000E-20
 800.03527  9.609000E-20
 800.05011  9.094000E-20
 800.06494  3.245000E-20
 800.07978  1.153000E-20
 800.09461  1.243000E-20
 800.10945  1.539000E-20
 800.12428  1.877000E-20
 800.13912  2.469000E-20
 800.15395  3.542000E-20
 800.16878  3.747000E-20
 800.18362  1.805000E-20
 800.19845  1.008000E-20
 800.21329  1.008000E-20
 800.22812  7.648000E-20
 800.24296  7.939000E-20
 800.25779  2.968000E-20
 800.27263  1.433000E-20
 800.28746  1.414000E-20
 800.30230  1.391000E-20
 800.31713  1.334000E-20
 800.33196  1.725000E-20
 800.34680  2.744000E-20
 800.36163  2.672000E-20
 800.37647  1.729000E-20
 800.39130  1.613000E-20
 800.40614  3.421000E-20
 800.42097  8.007000E-20
 800.43581  8.363000E-20
 800.45064  3.122000E-20
 800.46547  1.043000E-20
 800.48031  1.039000E-20
 800.49514  1.152000E-20
 800.50998  1.453000E-20
 800.52481  2.728000E-20
 800.53965  3.557000E-20
 800.55448  2.537000E-20
 800.56932  1.531000E-20
 800.58415  1.373000E-20
 800.59899  2.876000E-20
 800.61382  7.192000E-20
 800.62865  7.567000E-20
 800.64349  2.786000E-20
 800.65832  1.141000E-20
 800.67316  1.539000E-20
 800.68799  1.573000E-20
 800.70283  1.900000E-20
 800.71766  3.003000E-20
 800.73250  2.464000E-20
 800.74733  1.116000E-20
 800.76217  8.543000E-21
 800.77700  1.133000E-20
 800.79183  2.752000E-20
 800.80667  6.904000E-20
 800.82150  7.485000E-20
 800.83634  3.204000E-20
 800.85117  1.383000E-20
 800.86601  1.164000E-20
 800.88084  1.135000E-20
 800.89568  1.695000E-20
 800.91051  2.399000E-20
 800.92534  1.986000E-20
 800.94018  1.536000E-20
 800.95501  1.314000E-20
 800.96985  1.448000E-20
 800.98468  2.826000E-20
 800.99952  6.333000E-20
 801.01435  6.096000E-20
 801.02919  2.190000E-20
 801.04402  7.890000E-21
 801.05886  1.171000E-20
 801.07369  1.939000E-20
 801.08852  2.339000E-20
 801.10336  2.086000E-20
 801.11819  1.134000E-20
 801.13303  5.900000E-21
 801.14786  2.899000E-21
 801.16270  5.064000E-21
 801.17753  2.371000E-20
 801.19237  6.198000E-20
 801.20720  5.897000E-20
 801.22203  2.460000E-20
 801.23687  1.531000E-20
 801.25170  1.761000E-20
 801.26654  2.281000E-20
 801.28137  2.200000E-20
 801.29621  1.721000E-20
 801.31104  1.371000E-20
 801.32588  1.572000E-20
 801.34071  1.560000E-20
 801.35555  1.729000E-20
 801.37038  3.263000E-20
 801.38521  6.301000E-20
 801.40005  5.401000E-20
 801.41488  1.835000E-20
 801.42972  6.258000E-21
 801.44455  1.011000E-20
 801.45939  1.502000E-20
 801.47422  1.048000E-20
 801.48906  1.040000E-20
 801.50389  1.162000E-20
 801.51873  9.839000E-21
 801.53356  7.248000E-21
 801.54839  8.743000E-21
 801.56323  2.516000E-20
 801.57806  5.311000E-20
 801.59290  4.127000E-20
 801.60773  1.592000E-20
 801.62257  1.566000E-20
 801.63740  2.234000E-20
 801.65224  2.155000E-20
 801.66707  1.610000E-20
 801.68190  1.324000E-20
 801.69674  9.403000E-21
 801.71157  1.130000E-20
 801.72641  1.231000E-20
 801.74124  1.708000E-20
 801.75608  3.927000E-20
 801.77091  6.125000E-20
 801.78575  4.028000E-20
 801.80058  1.710000E-20
 801.81542  1.664000E-20
 801.83025  1.141000E-20
 801.84508  3.358000E-21
 801.85992  0.000000E+00
 801.87475  1.262000E-21
 801.88959  1.001000E-20
 801.90442  1.387000E-20
 801.91926  1.405000E-20
 801.93409  1.657000E-20
 801.94893  3.307000E-20
 801.96376  4.928000E-20
 801.97859  2.665000E-20
 801.99343  9.749000E-21
 802.00826  1.378000E-20
 802.02310  1.319000E-20
 802.03793  1.632000E-20
 802.05277  1.584000E-20
 802.06760  1.235000E-20
 802.08244  1.227000E-20
 802.09727  1.085000E-20
 802.11211  6.434000E-21
 802.12694  1.090000E-20
 802.14177  3.938000E-20
 802.15661  5.349000E-20
 802.17144  2.881000E-20
 802.18628  1.572000E-20
 802.20111  1.724000E-20
 802.21595  1.276000E-20
 802.23078  5.940000E-21
 802.24562  0.000000E+00
 802.26045  0.000000E+00
 802.27528  8.415000E-22
 802.29012  3.998000E-21
 802.30495  8.094000E-21
 802.31979  2.126000E-20
 802.33462  4.612000E-20
 802.34946  4.361000E-20
 802.36429  1.627000E-20
 802.37913  6.084000E-21
 802.39396  4.132000E-21
 802.40880  4.519000E-21
 802.42363  5.506000E-21
 802.43846  8.001000E-21
 802.45330  9.732000E-21
 802.46813  1.134000E-20
 802.48297  1.134000E-20
 802.49780  9.734000E-21
 802.51264  1.979000E-20
 802.52747  4.280000E-20
 802.54231  3.849000E-20
 802.55714  1.878000E-20
 802.57198  1.256000E-20
 802.58681  1.441000E-20
 802.60164  1.542000E-20
 802.61648  1.063000E-20
 802.63131  5.497000E-21
 802.64615  1.040000E-21
 802.66098  0.000000E+00
 802.67582  0.000000E+00
 802.69065  3.158000E-21
 802.70549  2.123000E-20
 802.72032  3.888000E-20
 802.73515  2.743000E-20
 802.74999  1.467000E-20
 802.76482  9.521000E-21
 802.77966  5.645000E-21
 802.79449  1.578000E-21
 802.80933  3.820000E-22
 802.82416  1.431000E-21
 802.83900  3.842000E-21
 802.85383  8.530000E-21
 802.86867  1.130000E-20
 802.88350  1.713000E-20
 802.89833  3.451000E-20
 802.91317  3.860000E-20
 802.92800  1.314000E-20
 802.94284  0.000000E+00
 802.95767  2.190000E-21
 802.97251  6.981000E-21
 802.98734  1.257000E-20
 803.00218  1.506000E-20
 803.01701  1.506000E-20
 803.03184  1.506000E-20
 803.04668  3.192000E-21
 803.06151  1.355000E-21
 803.07635  1.126000E-20
 803.09118  3.166000E-20
 803.10602  3.201000E-20
 803.12085  1.473000E-20
 803.13569  1.112000E-20
 803.15052  1.025000E-20
 803.16536  4.830000E-21
 803.18019  3.008000E-21
 803.19502  3.683000E-21
 803.20986  0.000000E+00
 803.22469  0.000000E+00
 803.23953  7.178000E-22
 803.25436  8.827000E-21
 803.26920  2.626000E-20
 803.28403  3.961000E-20
 803.29887  2.525000E-20
 803.31370  9.287000E-21
 803.32854  4.135000E-21
 803.34337  2.221000E-21
 803.35820  0.000000E+00
 803.37304  1.445000E-23
 803.38787  2.603000E-21
 803.40271  6.773000E-21
 803.41754  7.301000E-21
 803.43238  8.144000E-21
 803.44721  1.402000E-20
 803.46205  2.501000E-20
 803.47688  2.094000E-20
 803.49171  3.802000E-21
 803.50655  6.807000E-22
 803.52138  6.397000E-21
 803.53622  7.602000E-21
 803.55105  5.124000E-21
 803.56589  2.780000E-21
 803.58072  0.000000E+00
 803.59556  0.000000E+00
 803.61039  0.000000E+00
 803.62523  3.625000E-21
 803.64006  1.424000E-20
 803.65489  2.799000E-20
 803.66973  2.360000E-20
 803.68456  1.355000E-20
 803.69940  1.376000E-20
 803.71423  9.402000E-21
 803.72907  9.061000E-22
 803.74390  0.000000E+00
 803.75874  1.583000E-21
 803.77357  1.893000E-21
 803.78840  2.717000E-21
 803.80324  5.520000E-21
 803.81807  1.212000E-20
 803.83291  2.088000E-20
 803.84774  2.364000E-20
 803.86258  1.224000E-20
 803.87741  0.000000E+00
 803.89225  0.000000E+00
 803.90708  0.000000E+00
 803.92192  0.000000E+00
 803.93675  2.827000E-21
 803.95158  4.498000E-21
 803.96642  5.922000E-21
 803.98125  7.381000E-21
 803.99609  7.263000E-21
 804.01092  6.369000E-21
 804.02576  1.604000E-20
 804.04059  1.635000E-20
 804.05543  7.509000E-21
 804.07026  4.949000E-21
 804.08509  4.860000E-21
 804.09993  8.250000E-21
 804.11476  1.053000E-20
 804.12960  7.227000E-21
 804.14443  2.097000E-21
 804.15927  3.678000E-21
 804.17410  5.706000E-21
 804.18894  8.607000E-21
 804.20377  1.916000E-20
 804.21861  2.519000E-20
 804.23344  1.523000E-20
 804.24827  7.909000E-21
 804.26311  5.175000E-21
 804.27794  0.000000E+00
 804.29278  0.000000E+00
 804.30761  0.000000E+00
 804.32245  0.000000E+00
 804.33728  0.000000E+00
 804.35212  8.054000E-22
 804.36695  3.760000E-21
 804.38179  1.258000E-20
 804.39662  2.169000E-20
 804.41145  1.723000E-20
 804.42629  8.797000E-21
 804.44112  7.768000E-21
 804.45596  7.039000E-21
 804.47079  7.071000E-21
 804.48563  1.042000E-20
 804.50046  1.329000E-20
 804.51530  9.861000E-21
 804.53013  5.463000E-21
 804.54496  1.671000E-21
 804.55980  5.802000E-22
 804.57463  5.802000E-22
 804.58947  1.230000E-20
 804.60430  8.281000E-21
 804.61914  5.074000E-21
 804.63397  4.426000E-21
 804.64881  2.203000E-21
 804.66364  0.000000E+00
 804.67848  0.000000E+00
 804.69331  0.000000E+00
 804.70814  0.000000E+00
 804.72298  0.000000E+00
 804.73781  0.000000E+00
 804.75265  2.689000E-21
 804.76748  1.242000E-20
 804.78232  1.137000E-20
 804.79715  5.094000E-21
 804.81199  3.271000E-21
 804.82682  2.800000E-21
 804.84165  3.904000E-21
 804.85649  4.088000E-21
 804.87132  4.272000E-21
 804.88616  8.414000E-21
 804.90099  1.026000E-20
 804.91583  8.230000E-21
 804.93066  8.278000E-21
 804.94550  9.476000E-21
 804.96033  9.833000E-21
 804.97517  3.171000E-21
 804.99000  0.000000E+00
